-0.00010164976119997338 0.3000129461288452 0.4986135482788086 -6.928251877980074e-06 -8.793048436928075e-06 -9.155718849740424e-09 1.0 -0.000403472688049078 0.4996475279331207 0.3001575469970703 0.2998141348361969 -2.199883460998535 -5.798764686915092e-05 -0.7999568581581116 0.4934205412864685 -0.2976767122745514 -0.3072133958339691 -2.1990792751312256 -0.0057076988741755486 -0.768470287322998 -5.810457537336333e-08 -0.000852955796290189 -2.7924757887376472e-05
-8.81791114807351e-05 0.30000174045562744 0.4973235845565796 -1.4232216017262544e-05 -1.3100371688778978e-05 -9.256089228415476e-09 1.0 0.0009595466544851661 0.4994077980518341 0.3001491129398346 0.29967138171195984 -2.199784517288208 -8.972985233413056e-05 -0.7999361157417297 0.49467793107032776 -0.2921730577945709 -0.3090056777000427 -2.1995019912719727 -0.01714560203254223 -0.7614287734031677 6.644146924372762e-05 -0.0015616429736837745 -4.824663483304903e-05
-3.632307052614525e-05 0.2999924123287201 0.4960057854652405 -4.344443368609063e-05 -4.137702126172371e-05 -6.803100749408486e-09 1.0 0.002700050827115774 0.4994787871837616 0.3000466525554657 0.299675852060318 -2.199784994125366 -8.102785795927048e-05 -0.7999436259269714 0.5024774670600891 -0.2832953929901123 -0.30810147523880005 -2.1913297176361084 -0.027291612699627876 -0.7519227862358093 6.820009730290622e-05 -0.0020717941224575043 -6.413558003259823e-05
2.959966659543678e-05 0.2999865710735321 0.4946770787239075 -7.640217518201098e-05 -7.208783063106239e-05 -3.692941508148806e-09 1.0 0.0037908467929810286 0.49977123737335205 0.299937903881073 0.29976746439933777 -2.1997947692871094 -5.48714269825723e-05 -0.7999622225761414 0.5117207169532776 -0.2737777829170227 -0.3054586350917816 -2.181659460067749 -0.037382181733846664 -0.741996169090271 7.165317219914868e-05 -0.002496511908248067 -7.111066952347755e-05
0.00010172128677365944 0.29997965693473816 0.493351948261261 -0.00010823710908880457 -0.00010092570300912485 2.870387039166644e-09 1.0 0.004290204960852861 0.5000187754631042 0.29984936118125916 0.29983845353126526 -2.199779510498047 -3.629031198215671e-05 -0.799974262714386 0.5213055610656738 -0.2641378939151764 -0.30087369680404663 -2.1716864109039307 -0.04747875779867172 -0.7320143580436707 7.694321539020166e-05 -0.0028648830484598875 -7.201876724138856e-05
0.00017747879028318092 0.2999691069126129 0.4920324206352234 -0.00013707482139579952 -0.0001258316042367369 9.668132072704338e-09 1.0 0.004394126124680042 0.5001829266548157 0.29977983236312866 0.2998780608177185 -2.1997487545013428 -2.6163701477344148e-05 -0.7999798655509949 0.5310104489326477 -0.254450261592865 -0.29446789622306824 -2.161639451980591 -0.057566821575164795 -0.7220207452774048 0.0009333336493000388 -0.0031903604976832867 -6.922048487467691e-05
0.0002540707588195579 0.29995444416999817 0.4909943461418152 -0.00016123114619404078 -0.00014549415209330618 1.522784032204072e-08 1.0 0.0042947325855493546 0.5002668499946594 0.299727201461792 0.29988712072372437 -2.199706554412842 -2.382903767284006e-05 -0.7999799847602844 0.5406765341758728 -0.24480165541172028 -0.28672823309898376 -2.1517093181610107 -0.06763912737369537 -0.7120532393455505 0.002992786467075348 -0.0034781142603605986 -6.502017640741542e-05
0.00032601356506345436 0.2999346852302551 0.4909953594207764 -0.0001795837451936677 -0.00016010081162676215 2.0139212963954378e-08 0.9999999403953552 0.004208093509078026 0.5002731680870056 0.29969432950019836 0.29986587166786194 -2.199655055999756 -2.9162758437450975e-05 -0.7999747395515442 0.5497866868972778 -0.23563596606254578 -0.2782135307788849 -2.142512083053589 -0.07776746153831482 -0.7022424340248108 0.006225766614079475 -0.0037472338881343603 -6.225527613423765e-05
0.00039610862731931373 0.2999093532562256 0.4909955978393555 -0.0001938155764946714 -0.00017171110084746033 2.4414623212010156e-08 1.0 0.004223896190524101 0.5002573132514954 0.2996653616428375 0.2998386025428772 -2.1996078491210938 -3.5494107578415424e-05 -0.7999690771102905 0.558691680431366 -0.22658845782279968 -0.2689812183380127 -2.133523464202881 -0.08791270852088928 -0.6924716234207153 0.010503492318093777 -0.00398452952504158 -6.103066698415205e-05
0.00046477317810056373 0.29988130927085876 0.4909955382347107 -0.00020448870782274753 -0.0001806996006052941 2.8119144346305802e-08 1.0 0.0043630292639136314 0.50022953748703 0.29963940382003784 0.2998080849647522 -2.1995646953582764 -4.24540885433089e-05 -0.7999632358551025 0.5675525069236755 -0.21749792993068695 -0.25952112674713135 -2.124584436416626 -0.0980178490281105 -0.6827061772346497 0.015791181474924088 -0.004200080409646034 -6.144836515886709e-05
0.0005322456359863059 0.29985150694847107 0.49099547863006593 -0.00021141768957022578 -0.00018725369591265917 3.116337410347114e-08 1.0 0.004534291103482246 0.5002292990684509 0.2996094226837158 0.2997904419898987 -2.1995298862457275 -4.599292515194975e-05 -0.7999599575996399 0.5763701796531677 -0.20838673412799835 -0.25023365020751953 -2.115597724914551 -0.10563630610704422 -0.6729390025138855 0.022050634026527405 -0.004389018286019564 -6.210472929524258e-05
0.0005946516990661399 0.2998257279396057 0.4909951210021973 -0.00021403864957392216 -0.0001911860890686512 3.194987030497032e-08 0.9999999403953552 0.004618081729859114 0.5002606511116028 0.2995717525482178 0.29978662729263306 -2.1995034217834473 -4.603295383276418e-05 -0.7999590635299683 0.5852260589599609 -0.20039209723472595 -0.24087662994861603 -2.1065380573272705 -0.11049151420593262 -0.6631671786308289 0.029179153963923454 -0.004551931284368038 -6.14199016126804e-05
0.0006491303443908469 0.299807608127594 0.4909950017929077 -0.00021254118473734707 -0.00019212231563869864 3.209650856206281e-08 1.0 0.004613292869180441 0.5002907514572144 0.2995356321334839 0.2997835874557495 -2.199479103088379 -4.6017557906452566e-05 -0.7999584674835205 0.5941202640533447 -0.1940988302230835 -0.2314707338809967 -2.097440481185913 -0.11276667565107346 -0.6533908247947693 0.03706575185060501 -0.004701103083789349 -5.974701343802735e-05
0.0006957411766052024 0.2997967600822449 0.4909950017929077 -0.00020748443785123527 -0.00019081169739365578 3.141112969728965e-08 0.9999999403953552 0.004565287381410599 0.5003068447113037 0.2995052635669708 0.29977652430534363 -2.199455738067627 -4.713186717708595e-05 -0.7999570369720459 0.6030228137969971 -0.18938647210597992 -0.22206448018550873 -2.088344097137451 -0.1127205416560173 -0.643613338470459 0.045557621866464615 -0.004835072439163923 -5.779523780802265e-05
0.0007354378700256126 0.29979202151298523 0.4909948825836182 -0.0001994324120460078 -0.00018706632545217872 2.8956774755783954e-08 0.9999998807907104 0.004504561889916658 0.5003129839897156 0.29947954416275024 0.29976707696914673 -2.199432849884033 -4.8920337576419115e-05 -0.7999551296234131 0.6119173765182495 -0.18601930141448975 -0.21266129612922668 -2.0792596340179443 -0.11061691492795944 -0.6338367462158203 0.05450545996427536 -0.0049553378485143185 -5.587359919445589e-05
0.0007689952850341575 0.29979267716407776 0.49099494218826295 -0.00018913380336016417 -0.0001814485585782677 2.556021350130777e-08 1.0 0.004444336052983999 0.5003142356872559 0.29945677518844604 0.29975682497024536 -2.1994123458862305 -5.092085848446004e-05 -0.799953281879425 0.6207991242408752 -0.18383973836898804 -0.20325522124767303 -2.0701870918273926 -0.10667292773723602 -0.6240614652633667 0.06383511424064636 -0.0050614685751497746 -5.410097583080642e-05
0.0007969498634338157 0.2997983694076538 0.4909948825836182 -0.00017733644926920533 -0.00017451972234994173 2.204845905851016e-08 1.0 0.004389084409922361 0.5003132224082947 0.29943612217903137 0.2997466027736664 -2.1993932723999023 -5.29506360180676e-05 -0.7999513149261475 0.6296669840812683 -0.1827608197927475 -0.19384117424488068 -2.0611250400543213 -0.10107362270355225 -0.6142871975898743 0.07348976284265518 -0.005155406892299652 -5.2480838348856196e-05
0.0008198976516723411 0.2998088002204895 0.4909948825836182 -0.0001646028831601143 -0.0001662806171225384 1.8755780928358945e-08 0.9999999403953552 0.0043463436886668205 0.5003088712692261 0.2994177043437958 0.2997358441352844 -2.199376344680786 -5.5143493227660656e-05 -0.7999492883682251 0.6385193467140198 -0.18269163370132446 -0.18440914154052734 -2.052079677581787 -0.09414849430322647 -0.6045140624046326 0.08344335108995438 -0.0052420697174966335 -5.1100832934025675e-05
0.0008383750915527122 0.29982367157936096 0.4909948229789734 -0.0001514937321189791 -0.0001571044122101739 1.6680655079426288e-08 0.9999999403953552 0.0043168580159544945 0.5003036260604858 0.29940086603164673 0.29972535371780396 -2.1993606090545654 -5.727726238546893e-05 -0.7999473810195923 0.6473535299301147 -0.1835654228925705 -0.1749623715877533 -2.043048620223999 -0.08613785356283188 -0.5947420001029968 0.09343031048774719 -0.005316080059856176 -4.996271673007868e-05
0.0008528590202331321 0.2998427748680115 0.4909947633743286 -0.00013857334852218628 -0.00014717981684952974 1.1836498003958695e-08 0.9999999403953552 0.004301318433135748 0.5002973079681396 0.2993853688240051 0.299715131521225 -2.1993460655212402 -5.9356691053835675e-05 -0.7999455332756042 0.6561684608459473 -0.18532386422157288 -0.16550196707248688 -2.034031867980957 -0.07721095532178879 -0.5849710702896118 0.10341718047857285 -0.005380653776228428 -4.9066366045735776e-05
0.000863826274871804 0.2998659312725067 0.4909947633743286 -0.0001258388365386054 -0.00013706735626328737 9.874668194242986e-09 0.9999999403953552 0.00429732259362936 0.5002912878990173 0.29937103390693665 0.29970553517341614 -2.1993331909179688 -6.130574911367148e-05 -0.7999438047409058 0.6649631857872009 -0.1879355013370514 -0.15602748095989227 -2.0250279903411865 -0.06747104972600937 -0.5752010345458984 0.11340401321649551 -0.005441436544060707 -4.8351739678764716e-05
0.0008713960647582786 0.299893319606781 0.49099470376968385 -0.00011404234828660265 -0.00012658086779993027 5.6330016207084554e-09 1.0 0.004311768338084221 0.5002815127372742 0.2993582487106323 0.29969489574432373 -2.1993210315704346 -6.352836498990655e-05 -0.7999420166015625 0.6737400889396667 -0.19140471518039703 -0.14648562669754028 -2.0160508155822754 -0.057702645659446716 -0.565432608127594 0.12338896840810776 -0.005493042059242725 -4.7942907258402556e-05
0.0008758068084716575 0.2999250292778015 0.4909946441650391 -0.00010318148997612298 -0.00011590687790885568 2.238083718353323e-09 1.0 0.004340044222772121 0.5002726316452026 0.29934605956077576 0.2996850609779358 -2.1993110179901123 -6.552052218466997e-05 -0.7999405264854431 0.6824936866760254 -0.19571679830551147 -0.1369217038154602 -2.0070879459381104 -0.04793199524283409 -0.5556655526161194 0.13337375223636627 -0.005535532720386982 -4.7741101298015565e-05
0.0008778333663940208 0.29996055364608765 0.49099446535110475 -9.325530845671892e-05 -0.00010523286618990824 1.889604028804115e-09 1.0 0.0043849037028849125 0.5002642273902893 0.2993355691432953 0.2996765971183777 -2.199303388595581 -6.713489710818976e-05 -0.7999392747879028 0.6912752389907837 -0.20081773400306702 -0.12734630703926086 -1.998342752456665 -0.038151271641254425 -0.54587322473526 0.14335863292217255 -0.0055716740898787975 -4.772971078637056e-05
0.0008780717849731223 0.2999991774559021 0.49099422693252565 -8.351793076144531e-05 -9.380978008266538e-05 -3.025742434381584e-10 0.9999999403953552 0.004434350412338972 0.5002596378326416 0.2993265390396118 0.2996710538864136 -2.199298143386841 -6.806063902331516e-05 -0.7999386787414551 0.7001069784164429 -0.20667137205600739 -0.1177578940987587 -1.9900789260864258 -0.02835848741233349 -0.5360522270202637 0.15334349870681763 -0.00559852784499526 -4.7753597755217925e-05
0.0008762836456298606 0.3000403046607971 0.4909941077232361 -7.43422715459019e-05 -8.201258606277406e-05 -2.8223532400062368e-09 1.0 0.00447666784748435 0.5002574920654297 0.2993186116218567 0.29966700077056885 -2.199293851852417 -6.872721860418096e-05 -0.7999381422996521 0.7089453935623169 -0.21323786675930023 -0.1081579402089119 -1.9823321104049683 -0.018562372773885727 -0.526228666305542 0.16332823038101196 -0.005622939672321081 -4.77167013741564e-05
0.0008726477622985618 0.3000835180282593 0.4909940481185913 -6.572830898221582e-05 -7.002760685281828e-05 -3.4775946566867333e-09 1.0 0.004512134473770857 0.500255286693573 0.29931163787841797 0.29966339468955994 -2.1992900371551514 -6.936315185157582e-05 -0.7999376058578491 0.7177723050117493 -0.22049790620803833 -0.09854348748922348 -1.9750447273254395 -0.008764661848545074 -0.5164059996604919 0.17331288754940033 -0.0056422408670187 -4.765359335578978e-05
0.0008671641349792258 0.30012863874435425 0.49099398851394654 -5.786411929875612e-05 -5.804346074000932e-05 -5.235015976268187e-09 1.0 0.004542893264442682 0.5002527832984924 0.2993054687976837 0.2996598482131958 -2.1992862224578857 -7.000143523328006e-05 -0.7999370694160461 0.726581335067749 -0.22844424843788147 -0.08891300857067108 -1.9681497812271118 0.001034276676364243 -0.506585419178009 0.18329748511314392 -0.005657847039401531 -4.7585650463588536e-05
0.000858342647552468 0.3001750409603119 0.4909938097000122 -5.112226426717825e-05 -4.6058150473982096e-05 -5.396230129406376e-09 1.0 0.004515728913247585 0.5002692937850952 0.2992962896823883 0.2996659278869629 -2.1992857456207275 -6.840001151431352e-05 -0.799937903881073 0.7351686954498291 -0.23709502816200256 -0.07925879955291748 -1.9615437984466553 0.010841450653970242 -0.49676069617271423 0.19328156113624573 -0.005671636667102575 -4.659901969716884e-05
0.0008428454399108665 0.300221711397171 0.4909938097000122 -4.569179509417154e-05 -3.426080729695968e-05 -6.923269069147864e-09 1.0 0.0043576364405453205 0.5003116726875305 0.2992834448814392 0.29968494176864624 -2.199286937713623 -6.39956706436351e-05 -0.7999404072761536 0.7431522607803345 -0.24648836255073547 -0.06957438588142395 -1.9551159143447876 0.02066045068204403 -0.486927330493927 0.20326504111289978 -0.005684820935130119 -4.3764175643445924e-05
0.0008201360702514426 0.30026572942733765 0.4909938097000122 -4.157172588747926e-05 -2.2837950382381678e-05 -7.621128617074646e-09 1.0 0.0041088140569627285 0.5003450512886047 0.29927632212638855 0.2997013032436371 -2.199284553527832 -6.0724552895408124e-05 -0.799941897392273 0.7503525018692017 -0.2563016414642334 -0.05992446839809418 -1.9488641023635864 0.030483731999993324 -0.4770839512348175 0.21324852108955383 -0.00569415045902133 -4.004935181001201e-05
0.000791347026824929 0.30030426383018494 0.4909938097000122 -3.932461913791485e-05 -1.1789673408202361e-05 -8.091802783383173e-09 1.0 0.0038080725353211164 0.5003688931465149 0.2992739677429199 0.2997150421142578 -2.1992809772491455 -5.8328674640506506e-05 -0.7999428510665894 0.7567064166069031 -0.26619189977645874 -0.05031512677669525 -1.9427711963653564 0.04030837118625641 -0.4672340750694275 0.2232322096824646 -0.00570235401391983 -3.586712773540057e-05
0.0007564783096313255 0.3003373146057129 0.49099375009536744 -3.838842530967668e-05 -9.286453632739722e-07 -8.066703749420867e-09 0.9999999403953552 0.0034801666624844074 0.5003845691680908 0.2992740273475647 0.29972654581069946 -2.1992766857147217 -5.659940143232234e-05 -0.7999431490898132 0.7621926665306091 -0.27600863575935364 -0.04094821214675903 -1.936814546585083 0.05015943571925163 -0.45737817883491516 0.23321296274662018 -0.005712248384952545 -3.142706918879412e-05
0.0007145166397094505 0.3003661632537842 0.49099369049072267 -3.8763035263400525e-05 9.371146916237194e-06 -7.817360092587933e-09 1.0 0.0031217432115226984 0.5003997683525085 0.29927441477775574 0.2997387647628784 -2.199272871017456 -5.472839984577149e-05 -0.7999434471130371 0.7667713165283203 -0.2857462167739868 -0.03205164894461632 -1.9309792518615723 0.06003597006201744 -0.44751453399658203 0.24319101870059967 -0.005724143702536821 -2.6592206268105656e-05
0.0006645679473876731 0.30039161443710327 0.4909936308860779 -3.988649768871255e-05 1.967054049600847e-05 -8.67019611661135e-09 1.0 0.002723169280216098 0.5004169940948486 0.2992748022079468 0.2997525930404663 -2.1992692947387695 -5.252655682852492e-05 -0.7999441027641296 0.7703987956047058 -0.295417845249176 -0.023760583251714706 -1.9252736568450928 0.06993400305509567 -0.4376410245895386 0.25316694378852844 -0.005733693949878216 -2.1256917534628883e-05
0.0006062150001525657 0.30041417479515076 0.49099351167678834 -4.175928552285768e-05 2.996977673319634e-05 -1.062651655558966e-08 1.0 0.002278971951454878 0.5004354119300842 0.2992754578590393 0.29976749420166016 -2.1992664337158203 -5.01188296766486e-05 -0.7999447584152222 0.773042619228363 -0.3050227761268616 -0.016180990263819695 -1.919716477394104 0.07985001802444458 -0.4277574419975281 0.2627403140068054 -0.0057419403456151485 -1.5373158021247946e-05
0.0005395174026489036 0.3004342019557953 0.49099345207214357 -4.400597754283808e-05 4.0081959014059976e-05 -9.545052748194394e-09 0.9999999403953552 0.001797688310034573 0.5004506707191467 0.2992773950099945 0.2997812330722809 -2.199263334274292 -4.805092612514272e-05 -0.7999451756477356 0.7747321128845215 -0.31457990407943726 -0.009341491386294365 -1.9143428802490234 0.08977848291397095 -0.4178644120693207 0.27178671956062317 -0.005747742485255003 -9.121391485678032e-06
0.00046536922454831764 0.30045178532600403 0.4909933924674988 -4.625314613804221e-05 5.019413947593421e-05 -1.032805396761205e-08 0.9999999403953552 0.0012956828577443957 0.5004606246948242 0.2992808520793915 0.2997927665710449 -2.1992602348327637 -4.6495842980220914e-05 -0.7999452948570251 0.7755524516105652 -0.3241063952445984 -0.003204721724614501 -1.9091997146606445 0.099715955555439 -0.40796175599098206 0.2803763449192047 -0.005753012374043465 -2.709818090806948e-06
0.0003854393959045188 0.30046698451042175 0.490993332862854 -4.8313100705854595e-05 6.030613076291047e-05 -9.667584954797803e-09 0.9999999403953552 0.0007920615607872605 0.5004645586013794 0.2992856800556183 0.2998013496398926 -2.1992568969726562 -4.555446139420383e-05 -0.7999449968338013 0.7756210565567017 -0.33361294865608215 0.00229626358486712 -1.9043277502059937 0.10965895652770996 -0.3980516493320465 0.2885897159576416 -0.0057587032206356525 3.626789066402125e-06
0.00030139684677121803 0.30047979950904846 0.490993332862854 -4.9998994654743e-05 7.004375220276415e-05 -1.1984839787260171e-08 0.9999999403953552 0.00030169362435117364 0.5004636645317078 0.2992914021015167 0.29980745911598206 -2.199253559112549 -4.509596692514606e-05 -0.7999445199966431 0.7750619649887085 -0.3431093990802765 0.007247806992381811 -1.899752140045166 0.11960496008396149 -0.38813576102256775 0.29651209712028503 -0.005764363799244165 9.732799298944883e-06
0.00021526813507077858 0.3004903495311737 0.49099327325820924 -5.130948557052761e-05 7.959376671351492e-05 -1.2014890415912305e-08 0.9999999403953552 -0.00016513100126758218 0.500459611415863 0.2992974817752838 0.29981157183647156 -2.199251413345337 -4.495257599046454e-05 -0.7999440431594849 0.7739930152893066 -0.3525959253311157 0.01172553189098835 -1.895496129989624 0.12955445051193237 -0.37821418046951294 0.30421462655067444 -0.005769873037934303 1.550442357256543e-05
0.0001287221908569114 0.30049875378608704 0.49099321365356446 -5.1871513278456405e-05 8.876949868863449e-05 -1.3070171611673231e-08 0.9999999403953552 -0.0005979871493764222 0.5004518032073975 0.2993038594722748 0.2998131215572357 -2.199249505996704 -4.5254997530719265e-05 -0.7999433279037476 0.7725370526313782 -0.36208274960517883 0.015818092972040176 -1.89157235622406 0.13950367271900177 -0.36828941106796265 0.3117856979370117 -0.005773910321295261 2.079256228171289e-05
4.3308734893776624e-05 0.3005051612854004 0.4909931540489197 -5.1871287723770365e-05 9.73836868070066e-05 -1.4396796643723064e-08 1.0 -0.0009939952287822962 0.5004433989524841 0.29930976033210754 0.2998135983943939 -2.1992480754852295 -4.563461698126048e-05 -0.7999427318572998 0.7707916498184204 -0.37156492471694946 0.01958983950316906 -1.8879812955856323 0.14945505559444427 -0.3583613634109497 0.3192739486694336 -0.0057718753814697266 2.5607003408367746e-05
-3.972053527834252e-05 0.3005097806453705 0.4909931540489197 -5.093534127809107e-05 0.00010543572716414928 -1.3110950547456923e-08 0.9999998807907104 -0.0013541488442569971 0.5004350543022156 0.29931509494781494 0.29981330037117004 -2.199247360229492 -4.6066204959061e-05 -0.7999423146247864 0.7688340544700623 -0.3810443878173828 0.023096855729818344 -1.884724736213684 0.1594078540802002 -0.34842997789382935 0.3267260789871216 -0.005771827418357134 2.9982738851686008e-05
-0.00011953115463259056 0.3005128502845764 0.4909930944442749 -4.96247666887939e-05 0.00011273918789811432 -1.5065774405798038e-08 0.9999999403953552 -0.0016779751749709249 0.5004263520240784 0.29931995272636414 0.299811989068985 -2.199247121810913 -4.660330159822479e-05 -0.7999417781829834 0.7667332291603088 -0.3905200660228729 0.026383275166153908 -1.8817967176437378 0.16936169564723969 -0.3384968042373657 0.3341776132583618 -0.005770582240074873 3.389870107639581e-05
-0.00019522905349733666 0.3005145192146301 0.49099303483963014 -4.7376652219099924e-05 0.00011966816964559257 -1.3806830345686194e-08 1.0000001192092896 -0.001970639917999506 0.5004193782806396 0.2993239760398865 0.2998106777667999 -2.1992478370666504 -4.698447446571663e-05 -0.7999414801597595 0.7645341157913208 -0.3999898433685303 0.02948075719177723 -1.8791909217834473 0.17931810021400452 -0.3285602629184723 0.3416502773761749 -0.005769094917923212 3.745558933587745e-05
-0.0002662181854248269 0.30051496624946594 0.49099297523498536 -4.475532841752283e-05 0.00012584765499923378 -1.4857234553744547e-08 0.9999999403953552 -0.002235007705166936 0.5004132390022278 0.29932746291160583 0.29980891942977905 -2.199248790740967 -4.736721166409552e-05 -0.7999411821365356 0.7622764706611633 -0.40945664048194885 0.03242213651537895 -1.8769075870513916 0.18927590548992157 -0.3186206817626953 0.34916752576828003 -0.005766415968537331 4.06664730689954e-05
-0.00033202171325685814 0.3005143105983734 0.49099297523498536 -4.13850175391417e-05 0.0001314651599386707 -1.473733224344187e-08 0.9999999403953552 -0.0024726081173866987 0.5004073977470398 0.29933062195777893 0.29980677366256714 -2.1992502212524414 -4.775691559188999e-05 -0.7999410629272461 0.7599993944168091 -0.4189223647117615 0.035240288823843 -1.8749494552612305 0.19923493266105652 -0.308677613735199 0.3567425608634949 -0.005768466740846634 4.356722274678759e-05
-0.0003925204277038796 0.3005126118659973 0.4909929156303406 -3.763869608519599e-05 0.00013633388152811676 -1.4128914926914149e-08 1.0 -0.002687924075871706 0.5004032254219055 0.2993331849575043 0.29980501532554626 -2.199252128601074 -4.795992936124094e-05 -0.7999410629272461 0.757729172706604 -0.42838481068611145 0.03795772045850754 -1.8733336925506592 0.20919694006443024 -0.29872840642929077 0.3643687665462494 -0.005772416479885578 4.623418863047846e-05
-0.0004474759101867898 0.30051013827323914 0.4909928560256958 -3.333209315314889e-05 0.0001410154945915565 -1.352733214332602e-08 1.0 -0.002872082870453596 0.5003954768180847 0.2993362545967102 0.29980146884918213 -2.199254274368286 -4.857033127336763e-05 -0.7999410033226013 0.7555074095726013 -0.4378452003002167 0.040667567402124405 -1.872099757194519 0.21776098012924194 -0.28877580165863037 0.3720451891422272 -0.005775442346930504 4.84900847368408e-05
-0.0004970669746399148 0.300507128238678 0.49099279642105104 -2.865092028514482e-05 0.00014513554924633354 -1.2772460422638687e-08 1.0 -0.003033229149878025 0.5003894567489624 0.2993387281894684 0.2997983694076538 -2.1992576122283936 -4.899654959444888e-05 -0.7999410629272461 0.7533489465713501 -0.4473024010658264 0.043358635157346725 -1.8712469339370728 0.22483405470848083 -0.27881920337677 0.3797469139099121 -0.005773376207798719 5.0469403504393995e-05
-0.0005411744117737038 0.30050358176231384 0.49099273681640626 -2.3782451535225846e-05 0.00014888070290908217 -1.2704911789285234e-08 0.9999999403953552 -0.003175497055053711 0.5003846883773804 0.2993409037590027 0.2997954487800598 -2.199260711669922 -4.934330718242563e-05 -0.7999411225318909 0.751271665096283 -0.4567644000053406 0.04605478793382645 -1.8707839250564575 0.23039129376411438 -0.26885756850242615 0.3874562382698059 -0.005773940589278936 5.223226980888285e-05
-0.000579798221588157 0.30049946904182434 0.4909926772117615 -1.8538536096457392e-05 0.00015225127572193742 -1.1883035000437303e-08 0.9999999403953552 -0.003300177864730358 0.500380277633667 0.29934293031692505 0.2997923195362091 -2.1992640495300293 -4.9685550038702786e-05 -0.7999412417411804 0.7492938041687012 -0.4662347137928009 0.048784561455249786 -1.870713472366333 0.2344244122505188 -0.25889167189598083 0.39515653252601624 -0.005770772695541382 5.376764602260664e-05
-0.0006129384040832742 0.3004947304725647 0.4909926772117615 -1.3295451935846359e-05 0.00015524766058661044 -1.0401104866275546e-08 1.0 -0.0034094718284904957 0.5003765225410461 0.29934462904930115 0.29978927969932556 -2.199267625808716 -4.999729208066128e-05 -0.7999413013458252 0.7474201321601868 -0.4757102131843567 0.05155971273779869 -1.8710122108459473 0.23703406751155853 -0.2489241361618042 0.4028448164463043 -0.005768676288425922 5.512076313607395e-05
-0.0006407737731933816 0.3004894554615021 0.4909926176071167 -8.239543603849597e-06 0.00015805629664100707 -1.0022733754055935e-08 0.9999999403953552 -0.003504726570099592 0.5003731846809387 0.29934602975845337 0.29978618025779724 -2.1992709636688232 -5.0312741223024204e-05 -0.7999415397644043 0.7456497550010681 -0.48518869280815125 0.054381441324949265 -1.8716415166854858 0.23834960162639618 -0.2389565408229828 0.4105176329612732 -0.005767411552369595 5.630285886581987e-05
-0.0006635427474975808 0.30048370361328125 0.4909926176071167 -3.182564114467823e-06 0.0001603035198058933 -7.71645680686106e-09 1.0 -0.003585974220186472 0.5003696084022522 0.29934728145599365 0.29978272318840027 -2.1992743015289307 -5.069160397397354e-05 -0.7999417185783386 0.743983268737793 -0.49467191100120544 0.057253580540418625 -1.8725578784942627 0.23849326372146606 -0.22898989915847778 0.41818541288375854 -0.005765194538980722 5.7300272601423785e-05
-0.000681424140930198 0.30047762393951416 0.4909926176071167 1.3114347439113772e-06 0.00016236361989285797 -8.469097423358107e-09 0.9999999403953552 -0.0036527211777865887 0.500365674495697 0.2993483543395996 0.2997790277004242 -2.199277400970459 -5.1123388402629644e-05 -0.799941897392273 0.742422878742218 -0.5041577816009521 0.060173265635967255 -1.8737205266952515 0.23757535219192505 -0.21902458369731903 0.42584487795829773 -0.005765099544078112 5.812431118101813e-05
-0.0006946563720703347 0.30047136545181274 0.4909926176071167 5.806026820209809e-06 0.00016386139031965286 -7.2904509096360925e-09 0.9999998807907104 -0.0037019390147179365 0.5003603100776672 0.29934942722320557 0.2997744679450989 -2.19927978515625 -5.17722473887261e-05 -0.7999419569969177 0.7409771680831909 -0.5136510133743286 0.06314532458782196 -1.8750780820846558 0.23572899401187897 -0.20906329154968262 0.43351057171821594 -0.005765996407717466 5.8709225413622335e-05
-0.0007034778594970925 0.30046507716178894 0.4909926176071167 9.925362064677756e-06 0.00016498510376550257 -7.401121937533617e-09 0.9999999403953552 -0.0037359576672315598 0.5003558397293091 0.29934993386268616 0.2997702658176422 -2.19928240776062 -5.2308889280539006e-05 -0.7999420762062073 0.739642858505249 -0.5231443643569946 0.06615817546844482 -1.8765814304351807 0.2331187129020691 -0.19910484552383423 0.44117411971092224 -0.005763102322816849 5.9116631746292114e-05
-0.0007081866264343484 0.3004588782787323 0.4909926176071167 1.3483188922691625e-05 0.00016554680769331753 -5.245721634850042e-09 0.9999999403953552 -0.0037564069498330355 0.5003514885902405 0.29935023188591003 0.29976606369018555 -2.199284791946411 -5.2857922128168866e-05 -0.7999421954154968 0.738417387008667 -0.5326394438743591 0.06920627504587173 -1.8782035112380981 0.2298000305891037 -0.1891484409570694 0.44883325695991516 -0.005762773100286722 5.936838351772167e-05
-0.0007092595100403054 0.30045297741889954 0.4909926176071167 1.6479432815685868e-05 0.0001659216359257698 -5.2160968877501546e-09 1.0 -0.0037645059637725353 0.5003470778465271 0.2993503510951996 0.29976171255111694 -2.199286699295044 -5.343922748579644e-05 -0.7999422550201416 0.7372949719429016 -0.5421360731124878 0.07228169590234756 -1.8799020051956177 0.22592435777187347 -0.1791963279247284 0.45649585127830505 -0.0057611833326518536 5.945845987298526e-05
-0.0007072329521179421 0.30044740438461304 0.4909926176071167 1.9288130715722218e-05 0.00016573407629039139 -5.626854537865711e-09 0.9999999403953552 -0.003763265209272504 0.5003436803817749 0.2993500530719757 0.2997579276561737 -2.1992886066436768 -5.389662692323327e-05 -0.7999423146247864 0.7362672686576843 -0.5516312122344971 0.07537370920181274 -1.881651520729065 0.22158335149288177 -0.16924597322940826 0.46415597200393677 -0.005762994755059481 5.9462141507538036e-05
-0.0007025241851806863 0.30044227838516235 0.4909926176071167 2.1535190171562135e-05 0.00016554685134906322 -4.7730663865763745e-09 0.9999999403953552 -0.003755624871701002 0.5003409385681152 0.2993495762348175 0.2997545301914215 -2.1992905139923096 -5.4291693231789395e-05 -0.7999424338340759 0.7353232502937317 -0.5611231923103333 0.07846814393997192 -1.8834360837936401 0.21686622500419617 -0.15929746627807617 0.47180455923080444 -0.00576417800039053 5.939451511949301e-05
-0.0006955504417419656 0.30043765902519226 0.4909926176071167 2.3408429115079343e-05 0.00016479790792800486 -3.9386653938322524e-09 1.0 -0.003743615234270692 0.5003386735916138 0.2993490695953369 0.2997514307498932 -2.1992924213409424 -5.464947389555164e-05 -0.7999426126480103 0.7344518303871155 -0.5706123113632202 0.08155523240566254 -1.885239839553833 0.21183043718338013 -0.14935092628002167 0.47943776845932007 -0.00576521921902895 5.9283902373863384e-05
-0.0006867289543152078 0.30043360590934753 0.4909926176071167 2.4906783437472768e-05 0.00016404909547418356 -4.124920405246257e-09 1.0 -0.00372616876848042 0.5003355741500854 0.2993486523628235 0.29974809288978577 -2.199294090270996 -5.509058973984793e-05 -0.7999425530433655 0.733648419380188 -0.5800997018814087 0.08462826162576675 -1.8870422840118408 0.20652779936790466 -0.1394076645374298 0.4870567321777344 -0.005764163099229336 5.908988168812357e-05
-0.0006764769554138406 0.30043017864227295 0.49099255800247193 2.602981658128556e-05 0.00016311253421008587 -3.133169945712666e-09 0.9999999403953552 -0.0037065204232931137 0.5003337860107422 0.29934802651405334 0.2997456192970276 -2.199295997619629 -5.534114097827114e-05 -0.7999427318572998 0.7329033613204956 -0.5895817279815674 0.08767406642436981 -1.8888394832611084 0.20100389420986176 -0.12946449220180511 0.4946478009223938 -0.005761994980275631 5.8889942010864615e-05
-0.0006651520729065163 0.30042728781700134 0.49099249839782716 2.6966154109686613e-05 0.0001619889517314732 -3.2494056334542165e-09 0.9999998807907104 -0.003687527496367693 0.5003325939178467 0.2993474304676056 0.29974365234375 -2.1992976665496826 -5.553540540859103e-05 -0.7999429106712341 0.7322039008140564 -0.599059522151947 0.09068494290113449 -1.8906323909759521 0.1953018307685852 -0.11952190101146698 0.50221186876297 -0.005761092994362116 5.8704772527562454e-05
-0.000653350353240989 0.3004249632358551 0.49099255800247193 2.7715281248674728e-05 0.00016086555842775851 -2.9433420145608125e-09 1.0 -0.003670899895951152 0.5003319382667542 0.2993468642234802 0.2997421324253082 -2.1992993354797363 -5.5642740335315466e-05 -0.7999430894851685 0.7315377593040466 -0.6085302233695984 0.09364865720272064 -1.8924205303192139 0.1894654929637909 -0.10957963019609451 0.5097393989562988 -0.005762646906077862 5.856250936631113e-05
-0.0006412506103515847 0.30042314529418945 0.49099255800247193 2.8277143428567797e-05 0.00015992886619642377 -3.4760709866077377e-09 1.0 -0.003656512824818492 0.5003310441970825 0.29934659600257874 0.29974067211151123 -2.199300765991211 -5.578127456828952e-05 -0.799943208694458 0.730898916721344 -0.6179988384246826 0.09656542539596558 -1.8942056894302368 0.183506578207016 -0.0996377095580101 0.517233669757843 -0.005762574728578329 5.843606777489185e-05
-0.0006291508674621804 0.300421804189682 0.49099255800247193 2.8838547223131172e-05 0.00015899291611276567 -2.15265893999117e-09 1.0 -0.0036432361230254173 0.5003297328948975 0.29934653639793396 0.29973939061164856 -2.1993019580841064 -5.5924905609572306e-05 -0.7999432682991028 0.7302844524383545 -0.6274627447128296 0.09943071752786636 -1.8959888219833374 0.17742671072483063 -0.08969619125127792 0.5246894359588623 -0.00576712004840374 5.834620969835669e-05
-0.0006172895431518777 0.3004208505153656 0.49099255800247193 2.9213204470579512e-05 0.00015805639850441366 -4.126781139035529e-09 0.9999999403953552 -0.0036306153051555157 0.5003282427787781 0.2993466854095459 0.29973816871643066 -2.199303150177002 -5.6075641623465344e-05 -0.7999433279037476 0.7296926379203796 -0.6369238495826721 0.10224233567714691 -1.8977727890014648 0.1712437868118286 -0.07975488901138306 0.5321052074432373 -0.0057659144513309 5.824537583976053e-05
-0.0006059646606445535 0.30042022466659546 0.49099249839782716 2.9774515496683307e-05 0.0001574946363689378 -4.398124531235226e-09 0.9999999403953552 -0.003622383577749133 0.5003282427787781 0.2993466854095459 0.29973793029785156 -2.1993043422698975 -5.60151383979246e-05 -0.7999434471130371 0.7291107773780823 -0.646375834941864 0.10498915612697601 -1.8995643854141235 0.16498352587223053 -0.06981221586465836 0.5394675135612488 -0.005764066241681576 5.8221699873683974e-05
-0.0005951166152954324 0.3004198968410492 0.49099249839782716 3.0336288546095602e-05 0.00015693262685090303 -4.664268526965998e-09 0.9999999403953552 -0.003616384230554104 0.500326931476593 0.2993471324443817 0.29973721504211426 -2.199305295944214 -5.614065230474807e-05 -0.7999435067176819 0.7285369038581848 -0.6558269262313843 0.10767622292041779 -1.9013603925704956 0.15866076946258545 -0.0598711296916008 0.5467869639396667 -0.005762650165706873 5.819668513140641e-05
-0.0005849242210388406 0.30041977763175964 0.49099249839782716 3.071034370805137e-05 0.00015655826427973807 -4.8462056589926306e-09 0.9999999403953552 -0.0036123120225965977 0.5003260374069214 0.29934757947921753 0.299736887216568 -2.1993064880371094 -5.614354449789971e-05 -0.7999435663223267 0.7279730439186096 -0.6652739644050598 0.11030259728431702 -1.9031732082366943 0.15224511921405792 -0.049928050488233566 0.554057776927948 -0.005761430598795414 5.8211877330904827e-05
-0.0005755066871643288 0.30041977763175964 0.49099249839782716 3.1460123864235356e-05 0.00015655842435080558 -3.740901810544983e-09 1.0 -0.0036108249332755804 0.5003250241279602 0.29934823513031006 0.29973673820495605 -2.199307441711426 -5.61656997888349e-05 -0.7999436259269714 0.727414071559906 -0.6747174859046936 0.11286883056163788 -1.905004620552063 0.1457664966583252 -0.03998523950576782 0.5612826943397522 -0.005760143976658583 5.825142943649553e-05
-0.0005668640136718972 0.3004198968410492 0.4909924387931824 3.220897269784473e-05 0.0001565585844218731 -3.568482620508462e-09 1.0 -0.003611969295889139 0.5003244876861572 0.29934898018836975 0.299736887216568 -2.199308395385742 -5.612734457827173e-05 -0.7999436259269714 0.726858913898468 -0.6841563582420349 0.11537204682826996 -1.9068630933761597 0.1392185240983963 -0.030041078105568886 0.5684534311294556 -0.005757768172770739 5.832733222632669e-05
-0.0005591154098510964 0.30042004585266113 0.4909924387931824 3.295819624327123e-05 0.00015693294699303806 -3.126354952698307e-09 1.0 -0.0036141935270279646 0.5003229975700378 0.29934996366500854 0.29973673820495605 -2.1993091106414795 -5.618307113763876e-05 -0.7999436259269714 0.7263088822364807 -0.6935921311378479 0.11781274527311325 -1.9087485074996948 0.13258962333202362 -0.020097678527235985 0.5755705237388611 -0.0057558706030249596 5.8404144510859624e-05
-0.0005522012710571511 0.3004201650619507 0.4909924387931824 3.3894630178110674e-05 0.0001573073532199487 -3.1067839412202147e-09 1.0 -0.003616244997829199 0.5003211498260498 0.2993510961532593 0.29973655939102173 -2.199309825897217 -5.6255972594954073e-05 -0.7999436259269714 0.7257670164108276 -0.7030262351036072 0.12019429355859756 -1.9106571674346924 0.12589383125305176 -0.010154502466320992 0.5826407074928284 -0.005754567217081785 5.8476456615608186e-05
-0.0005460619926452859 0.30042022466659546 0.4909924387931824 3.501819082885049e-05 0.00015805645671207458 -3.2468221444759138e-09 0.9999999403953552 -0.0036189525853842497 0.5003198981285095 0.2993522584438324 0.2997366487979889 -2.199310541152954 -5.626394704449922e-05 -0.7999436259269714 0.7252326011657715 -0.7124581933021545 0.12252016365528107 -1.9125936031341553 0.11914773285388947 -0.00021030803327448666 0.5896633863449097 -0.0057547506876289845 5.8567497035255656e-05
-0.0005407571792602761 0.3004201650619507 0.4909924387931824 3.614170054788701e-05 0.0001589930325280875 -9.226618913338314e-10 1.0 -0.0036229146644473076 0.5003188252449036 0.2993534803390503 0.29973694682121277 -2.1993110179901123 -5.623053584713489e-05 -0.7999436855316162 0.724704921245575 -0.7218847870826721 0.12478495389223099 -1.9145658016204834 0.11233103275299072 0.00973460078239441 0.5966247320175171 -0.005754533223807812 5.867777144885622e-05
-0.0005362272262573464 0.30041998624801636 0.4909923791885376 3.745242065633647e-05 0.00015992892440408468 -1.8137212842717076e-09 1.0 -0.0036284609232097864 0.5003176927566528 0.29935476183891296 0.2997373640537262 -2.1993114948272705 -5.620187585009262e-05 -0.799943745136261 0.7241831421852112 -0.7313098907470703 0.1269923597574234 -1.9165780544281006 0.10545244067907333 0.019680265337228775 0.6035342216491699 -0.005755119491368532 5.880566095584072e-05
-0.000532352924346946 0.3004195988178253 0.4909923791885376 3.89503147744108e-05 0.00016105278336908668 -1.6009651382375978e-09 1.0 -0.003634486813098192 0.5003163814544678 0.2993561625480652 0.2997376322746277 -2.199312210083008 -5.6193326599895954e-05 -0.7999438047409058 0.7236698269844055 -0.7407328486442566 0.1291438490152359 -1.9186338186264038 0.09848713874816895 0.02962624840438366 0.610388994216919 -0.005756128113716841 5.8937064750352874e-05
-0.0005290746688842995 0.30041900277137756 0.4909923791885376 4.026234455523081e-05 0.0001623635907890275 -1.2936024473830798e-09 0.9999998807907104 -0.0036402482073754072 0.5003148317337036 0.2993576228618622 0.299737811088562 -2.199312686920166 -5.621934906230308e-05 -0.7999438047409058 0.7231664657592773 -0.7501543760299683 0.13124342262744904 -1.9207282066345215 0.09146949648857117 0.039571888744831085 0.6171907186508179 -0.005758283659815788 5.9061640058644116e-05
-0.000526392459869407 0.3004182279109955 0.4909923791885376 4.1946888813981786e-05 0.000163861463079229 -1.2342089572570103e-09 1.0 -0.0036441818810999393 0.5003129243850708 0.29935914278030396 0.2997378706932068 -2.199313163757324 -5.6282191508216783e-05 -0.7999436855316162 0.7226802110671997 -0.7595752477645874 0.13329212367534637 -1.9228646755218506 0.08436064422130585 0.04951771721243858 0.6239370107650757 -0.005760399624705315 5.9159010561415926e-05
-0.0005241274833679421 0.3004171848297119 0.4909923791885376 4.344468470662832e-05 0.00016535953909624368 -7.535634338751152e-10 1.0 -0.0036483523435890675 0.5003118515014648 0.299360454082489 0.299738347530365 -2.1993138790130615 -5.6233729992527515e-05 -0.7999436855316162 0.7222070097923279 -0.7689905762672424 0.13528510928153992 -1.9250397682189941 0.07721167057752609 0.05946395918726921 0.6306195259094238 -0.0057608820497989655 5.926818630541675e-05
-0.0005223989486694558 0.30041590332984924 0.49099231958389283 4.512965097092092e-05 0.000167044869158417 -9.755880131523398e-11 0.9999999403953552 -0.0036551025696098804 0.5003117322921753 0.2993617653846741 0.299739271402359 -2.199315071105957 -5.6087712437147275e-05 -0.799943745136261 0.7217423915863037 -0.7784013748168945 0.13721787929534912 -1.9272656440734863 0.06999380141496658 0.06941216439008713 0.6372331380844116 -0.005759811028838158 5.940911432844587e-05
-0.0005210876464843972 0.3004143536090851 0.49099231958389283 4.681508653447963e-05 0.00016873018466867507 -3.692387506859518e-10 0.9999999403953552 -0.003663959912955761 0.5003111362457275 0.2993631362915039 0.29973989725112915 -2.1993157863616943 -5.6020115152932703e-05 -0.7999436855316162 0.7212841510772705 -0.7878127098083496 0.13909992575645447 -1.9295413494110107 0.06271582841873169 0.07936029881238937 0.6437880992889404 -0.005762080661952496 5.956971290288493e-05
-0.000520133972167991 0.30041247606277466 0.49099231958389283 4.8688194510759786e-05 0.0001704157912172377 -1.3397156994887638e-10 1.0 -0.0036734642926603556 0.5003106594085693 0.29936453700065613 0.2997405529022217 -2.19931697845459 -5.593270907411352e-05 -0.7999436855316162 0.7208378314971924 -0.7972210049629211 0.14092804491519928 -1.9318727254867554 0.055363934487104416 0.08930963277816772 0.6502758264541626 -0.005763213150203228 5.973260340397246e-05
-0.0005194783210754617 0.30041033029556274 0.49099231958389283 5.03735791426152e-05 0.00017228834622073919 1.123586668150267e-09 1.0 -0.0036822461988776922 0.5003092288970947 0.2993660569190979 0.29974082112312317 -2.199317455291748 -5.596021583187394e-05 -0.7999436259269714 0.7204040884971619 -0.8066298365592957 0.14270976185798645 -1.934248924255371 0.04796323552727699 0.09925758093595505 0.6567029356956482 -0.005759995896369219 5.98588194407057e-05
-0.0005190610885620339 0.30040788650512695 0.49099225997924806 5.224617780186236e-05 0.00017416114860679954 1.025704077228795e-09 1.0 -0.003688688622787595 0.5003077387809753 0.29936766624450684 0.2997409999370575 -2.1993179321289062 -5.597952986136079e-05 -0.7999435067176819 0.7199928164482117 -0.8160388469696045 0.14444370567798615 -1.9366779327392578 0.040457457304000854 0.1092066615819931 0.6630620360374451 -0.005759355612099171 5.9966718254145235e-05
-0.000518763065338157 0.3004051744937897 0.49099225997924806 5.4118769185151905e-05 0.0001760332816047594 1.8638293131090222e-09 0.9999999403953552 -0.0036954579409211874 0.5003071427345276 0.29936888813972473 0.29974159598350525 -2.1993188858032227 -5.590195723925717e-05 -0.7999435663223267 0.7195960879325867 -0.8254435658454895 0.14613060653209686 -1.939152479171753 0.03291558474302292 0.11915577203035355 0.6693497896194458 -0.005760123487561941 6.0093145293649286e-05
-0.00051846504211428 0.3004021644592285 0.49099225997924806 5.5803695431677625e-05 0.0001779060548869893 1.255361703478286e-09 0.9999999403953552 -0.003702254965901375 0.5003064870834351 0.2993701994419098 0.29974207282066345 -2.19931960105896 -5.584455357166007e-05 -0.7999435663223267 0.7192166447639465 -0.8348460793495178 0.1477653682231903 -1.9416794776916504 0.025291334837675095 0.12910573184490204 0.6755610704421997 -0.005759528838098049 6.02130894549191e-05
-0.0005182862281799538 0.30039888620376587 0.49099225997924806 5.767633410869166e-05 0.0001795914286049083 5.608680742064109e-10 1.0 -0.003709492040798068 0.5003058910369873 0.299371600151062 0.29974254965782166 -2.1993203163146973 -5.5787131714168936e-05 -0.7999435663223267 0.718851625919342 -0.8442479968070984 0.14935441315174103 -1.9442535638809204 0.017624782398343086 0.13905563950538635 0.681699812412262 -0.005757571663707495 6.0332520661177114e-05
-0.0005181670188904031 0.3003953695297241 0.4909921407699585 5.9362184401834384e-05 0.0001814642018871382 3.679766935604789e-09 0.9999999403953552 -0.0037165838293731213 0.5003052949905396 0.2993728518486023 0.29974305629730225 -2.1993210315704346 -5.571917427005246e-05 -0.7999435663223267 0.7185045480728149 -0.8536480665206909 0.15089453756809235 -1.9468799829483032 0.009891320019960403 0.1490064412355423 0.68775874376297 -0.005757232196629047 6.045536792953499e-05
-0.0005180478096008523 0.3003915548324585 0.4909922003746033 6.123478669906035e-05 0.00018333680054638535 2.651866282121773e-09 1.0 -0.0037246362771838903 0.5003049969673157 0.2993740439414978 0.29974365234375 -2.199321746826172 -5.561118814512156e-05 -0.7999436259269714 0.7181718349456787 -0.8630450963973999 0.15238508582115173 -1.9495586156845093 0.0021083068568259478 0.1589578241109848 0.6937370300292969 -0.005758166313171387 6.059673978597857e-05
-0.0005179882049560769 0.3003874719142914 0.4909922003746033 6.292016769293696e-05 0.00018520932644605637 2.9781019872388015e-09 0.9999999403953552 -0.0037342996802181005 0.5003051161766052 0.29937517642974854 0.29974448680877686 -2.1993227005004883 -5.546504689846188e-05 -0.799943745136261 0.7178531289100647 -0.8724393844604492 0.15382125973701477 -1.9522970914840698 -0.005761016625910997 0.1689106673002243 0.6996221542358398 -0.005757838953286409 6.0757636674679816e-05
-0.0005179286003113015 0.3003831207752228 0.4909921407699585 6.47928100079298e-05 0.00018689470016397536 3.2133691263425135e-09 0.9999999403953552 -0.0037443735636770725 0.5003046989440918 0.299376517534256 0.29974493384361267 -2.1993231773376465 -5.5410524510079995e-05 -0.7999438047409058 0.7175478935241699 -0.8818343281745911 0.15521200001239777 -1.9550873041152954 -0.0136686060577631 0.17886272072792053 0.7054243087768555 -0.005754360929131508 6.0894286434631795e-05
-0.0005178093910217507 0.30037859082221985 0.4909922003746033 6.647819827776402e-05 0.00018876700778491795 2.609843896550501e-09 0.9999999403953552 -0.003752991324290633 0.5003038048744202 0.29937776923179626 0.29974520206451416 -2.1993236541748047 -5.539564153878018e-05 -0.7999438643455505 0.7172629833221436 -0.8912277221679688 0.15655286610126495 -1.9579250812530518 -0.02164560928940773 0.1888144612312317 0.711131751537323 -0.005750355310738087 6.1002312577329576e-05
-0.0005175113677978738 0.30037379264831543 0.4909921407699585 6.816363020334393e-05 0.0001904525706777349 4.198990044557149e-09 1.0 -0.0037611851003021 0.500303328037262 0.299378901720047 0.2997455894947052 -2.199324369430542 -5.53332720301114e-05 -0.7999440431594849 0.7169973850250244 -0.9006206393241882 0.15784676373004913 -1.960810899734497 -0.029675310477614403 0.19876700639724731 0.7167474627494812 -0.005749827716499567 6.111919356044382e-05
-0.0005171537399292214 0.3003688454627991 0.4909921407699585 6.984858919167891e-05 0.00019213791529182345 4.856814062037529e-09 1.0 -0.0037683588452637196 0.5003025531768799 0.2993800640106201 0.2997457683086395 -2.1993250846862793 -5.5317570513579994e-05 -0.7999440431594849 0.7167522311210632 -0.9100140929222107 0.1590971052646637 -1.9637433290481567 -0.037755534052848816 0.20871925354003906 0.7222710251808167 -0.005749572068452835 6.121765181887895e-05
-0.0005164980888366921 0.3003636598587036 0.4909921407699585 7.172123150667176e-05 0.00019382304162718356 5.093642840847679e-09 0.9999999403953552 -0.0037762951105833054 0.5003028512001038 0.29938098788261414 0.2997465431690216 -2.1993260383605957 -5.51278681086842e-05 -0.7999441623687744 0.7165359258651733 -0.9194050431251526 0.16029347479343414 -1.9667112827301025 -0.04590236023068428 0.21854984760284424 0.727690577507019 -0.005748887080699205 6.134842260507867e-05
-0.000515723228454612 0.30035820603370667 0.4909921407699585 7.340670708799735e-05 0.0001953211467480287 5.153550919345662e-09 0.9999999403953552 -0.0037864313926547766 0.5003032684326172 0.2993820011615753 0.2997472882270813 -2.199326753616333 -5.497122765518725e-05 -0.799944281578064 0.7163451910018921 -0.9287954568862915 0.16143940389156342 -1.969711422920227 -0.0540960356593132 0.22820726037025452 0.7330052852630615 -0.0057500433176755905 6.150314584374428e-05
-0.0005147695541382058 0.3003525137901306 0.4909921407699585 7.509214628953487e-05 0.00019700669508893043 5.809812630985789e-09 0.9999999403953552 -0.0037961325142532587 0.5003028512001038 0.29938316345214844 0.2997475266456604 -2.199327230453491 -5.494773722602986e-05 -0.7999444007873535 0.7161845564842224 -0.9381917715072632 0.1625482738018036 -1.9727402925491333 -0.06234583631157875 0.23768895864486694 0.7382263541221619 -0.005751227494329214 6.163157377159223e-05
-0.0005134582519531472 0.30034661293029785 0.4909921407699585 7.65898876124993e-05 0.00019869177776854485 6.891497150718351e-09 1.0 -0.0038032387383282185 0.5003018975257874 0.2993842661380768 0.299747496843338 -2.1993279457092285 -5.4961601563263685e-05 -0.7999444007873535 0.7160560488700867 -0.9475836753845215 0.16361746191978455 -1.9757773876190186 -0.07058656215667725 0.2470056712627411 0.7433438301086426 -0.005752733442932367 6.172893336042762e-05
-0.0005118489265442117 0.3003406226634979 0.4909921407699585 7.827588706277311e-05 0.00020000287622679025 6.351927872572105e-09 1.0 -0.0038066115230321884 0.5003000497817993 0.2993854880332947 0.2997470200061798 -2.1993284225463867 -5.5081625760067254e-05 -0.7999444007873535 0.715965747833252 -0.9569808840751648 0.16465233266353607 -1.9788142442703247 -0.07885358482599258 0.2561585009098053 0.7483665943145752 -0.005751566030085087 6.175749149406329e-05
-0.0005098223686218484 0.300334632396698 0.4909921407699585 7.977413770277053e-05 0.00020150071941316128 8.697037756633108e-09 0.9999998807907104 -0.0038045363035053015 0.5002979636192322 0.2993866205215454 0.29974639415740967 -2.199329137802124 -5.523116124095395e-05 -0.7999443411827087 0.7159227132797241 -0.9663766622543335 0.1656479835510254 -1.981837511062622 -0.08713527768850327 0.2651444673538208 0.7532845735549927 -0.005751959979534149 6.17240002611652e-05
-0.0005073785781860574 0.30032873153686523 0.4909921407699585 8.127152250381187e-05 0.00020281205070205033 8.577948129584456e-09 1.0 -0.0037976382300257683 0.5002955794334412 0.2993876338005066 0.2997455298900604 -2.1993296146392822 -5.542685175896622e-05 -0.799944281578064 0.7159268856048584 -0.9757778644561768 0.16661883890628815 -1.9848361015319824 -0.09539607912302017 0.2739688456058502 0.7581143975257874 -0.00575223146006465 6.162274803500623e-05
-0.0005046963691711648 0.30032292008399963 0.49099208116531373 8.258219895651564e-05 0.0002039353857981041 8.285062413904143e-09 0.9999999403953552 -0.00378688657656312 0.5002939105033875 0.2993883788585663 0.29974499344825745 -2.1993305683135986 -5.5509983212687075e-05 -0.7999441623687744 0.7159838676452637 -0.9851757287979126 0.16755230724811554 -1.9878076314926147 -0.1036558598279953 0.282621294260025 0.7628329396247864 -0.005754115991294384 6.149553519207984e-05
-0.0005017161369323953 0.30031728744506836 0.49099208116531373 8.408009307458997e-05 0.00020505902648437768 8.499379866577783e-09 0.9999999403953552 -0.003775239223614335 0.5002928972244263 0.2993890941143036 0.29974475502967834 -2.199331521987915 -5.552609945880249e-05 -0.7999441623687744 0.7160916328430176 -0.99457186460495 0.16843940317630768 -1.9907605648040771 -0.1119515597820282 0.2910957336425781 0.7674277424812317 -0.0057600378058850765 6.138411845313385e-05
-0.0004984974861145242 0.3003118634223938 0.49099208116531373 8.52044831844978e-05 0.00020618256530724466 9.559068203657262e-09 0.9999998807907104 -0.003759792074561119 0.5002902746200562 0.2993899881839752 0.2997435927391052 -2.199331521987915 -5.5794349464122206e-05 -0.7999439835548401 0.716247022151947 -1.0039725303649902 0.16930067539215088 -1.9936683177947998 -0.12022111564874649 0.2994089126586914 0.771924614906311 -0.005762595683336258 6.118111195974052e-05
-0.0004950404167175515 0.30030661821365356 0.49099208116531373 8.651521056890488e-05 0.0002071189519483596 1.0527529958892501e-08 0.9999998807907104 -0.003741038031876087 0.5002888441085815 0.2993905246257782 0.29974308609962463 -2.1993324756622314 -5.586269253399223e-05 -0.7999439239501953 0.7164615988731384 -1.0133702754974365 0.17012053728103638 -1.9965307712554932 -0.12847937643527985 0.307543009519577 0.7762984037399292 -0.00576094351708889 6.0954593209316954e-05
-0.0004913449287414773 0.3003016412258148 0.49099208116531373 8.782593067735434e-05 0.00020805485837627202 9.638032594239121e-09 1.0 -0.0037204481195658445 0.5002869963645935 0.29939115047454834 0.2997422516345978 -2.1993331909179688 -5.60371445317287e-05 -0.7999438047409058 0.7167286276817322 -1.0227724313735962 0.17091205716133118 -1.999345064163208 -0.13672126829624176 0.3155045807361603 0.7805630564689636 -0.005759447813034058 6.068406219128519e-05
-0.0004874706268310769 0.3002968728542328 0.49099208116531373 8.894903294276446e-05 0.00020880397642031312 9.497994390983422e-09 0.9999999403953552 -0.00369797321036458 0.5002856254577637 0.2993915379047394 0.29974165558815 -2.199333667755127 -5.6122662499547005e-05 -0.799943745136261 0.7170504927635193 -1.0321720838546753 0.17167234420776367 -2.002103567123413 -0.1449112594127655 0.32328909635543823 0.7847122550010681 -0.00575978634878993 6.040726293576881e-05
-0.00048341751098635033 0.30029234290122986 0.49099208116531373 9.007304470287636e-05 0.0002095528325298801 1.0294478158812126e-08 0.9999999403953552 -0.0036742640659213066 0.5002841353416443 0.29939204454421997 0.2997409403324127 -2.199334144592285 -5.624237019219436e-05 -0.7999436259269714 0.7174295783042908 -1.0415735244750977 0.17239613831043243 -2.0048105716705322 -0.15310849249362946 0.33088988065719604 0.7887362241744995 -0.005764738190919161 6.012913945596665e-05
-0.000479245185852073 0.30028802156448364 0.49099202156066896 9.100943861994892e-05 0.00021011468197684735 9.979080672906093e-09 0.9999999403953552 -0.0036510094068944454 0.5002834796905518 0.2993922829627991 0.299740731716156 -2.1993346214294434 -5.625427365885116e-05 -0.7999435663223267 0.7178599834442139 -1.0509737730026245 0.17309045791625977 -2.007463216781616 -0.16125425696372986 0.33830294013023376 0.7926384806632996 -0.005769920069724321 5.986550240777433e-05
-0.0004746556282043679 0.3002835512161255 0.4909921407699585 9.175815648632124e-05 0.00021067651687189937 1.0086239399242913e-08 0.9999999403953552 -0.0036164522171020508 0.5002790689468384 0.2993933856487274 0.2997383773326874 -2.199334144592285 -5.6792145187500864e-05 -0.7999432682991028 0.7183392643928528 -1.0602647066116333 0.1737368404865265 -2.010045051574707 -0.16939254105091095 0.3455324172973633 0.7964168787002563 -0.005770537070930004 5.93927143199835e-05
-0.00046923160552980736 0.30027851462364197 0.4909921407699585 9.213295561494306e-05 0.0002110510104103014 1.0440595943350672e-08 0.9999999403953552 -0.0035718404687941074 0.5002760887145996 0.29939404129981995 0.299736887216568 -2.1993343830108643 -5.7072822528425604e-05 -0.799943208694458 0.7188650965690613 -1.0693644285202026 0.17431201040744781 -2.012563943862915 -0.17749060690402985 0.35256120562553406 0.8000341653823853 -0.005772931035608053 5.8847897889791057e-05
-0.0004627943038940652 0.30027297139167786 0.4909922003746033 9.213290468323976e-05 0.00021123824990354478 1.010718886362838e-08 0.9999999403953552 -0.003521011210978031 0.5002732872962952 0.2993946969509125 0.2997349500656128 -2.199333906173706 -5.748745388700627e-05 -0.7999429702758789 0.7194167375564575 -1.078269362449646 0.174842968583107 -2.015012264251709 -0.18549960851669312 0.3593998849391937 0.8035199642181396 -0.005778740160167217 5.8223649830324575e-05
-0.0004555225372314675 0.3002670109272003 0.4909922003746033 9.157080057775602e-05 0.0002112383663188666 1.0441974396258047e-08 0.9999999403953552 -0.003463540691882372 0.5002704858779907 0.29939502477645874 0.29973313212394714 -2.199333429336548 -5.786488327430561e-05 -0.7999427914619446 0.7199985980987549 -1.0869872570037842 0.1753469854593277 -2.0173802375793457 -0.19337455928325653 0.3660500645637512 0.8068840503692627 -0.005777046550065279 5.750308628194034e-05
-0.0004474163055420144 0.3002607226371765 0.4909922003746033 9.063478501047939e-05 0.00021105118503328413 1.0090815294461208e-08 0.9999999403953552 -0.003401784924790263 0.5002689957618713 0.2993951141834259 0.29973194003105164 -2.1993327140808105 -5.807528577861376e-05 -0.7999426126480103 0.7206169366836548 -1.0955002307891846 0.17579285800457 -2.0196762084960938 -0.20117059350013733 0.37249302864074707 0.8100879192352295 -0.00578205194324255 5.678406887454912e-05
-0.00043877363204958275 0.3002541661262512 0.49099225997924806 8.932341734180227e-05 0.00021086391643621027 9.651627053131051e-09 0.9999999403953552 -0.0033395192585885525 0.5002679228782654 0.29939499497413635 0.29973071813583374 -2.199331760406494 -5.8309400628786534e-05 -0.7999423742294312 0.7212550044059753 -1.1038237810134888 0.1762014478445053 -2.021888494491577 -0.20879553258419037 0.37873953580856323 0.8131563663482666 -0.0057834149338305 5.603598401648924e-05
-0.0004297137260437234 0.3002474904060364 0.49099225997924806 8.78258069860749e-05 0.0002104893937939778 9.970221981348004e-09 1.0 -0.0032761679030954838 0.5002669095993042 0.2993949055671692 0.299729585647583 -2.1993308067321777 -5.8528155932435766e-05 -0.7999421954154968 0.7219143509864807 -1.111959457397461 0.17656980454921722 -2.024014949798584 -0.21628057956695557 0.38478541374206543 0.8160842061042786 -0.0057868631556630135 5.5290700402110815e-05
-0.00042041540145876244 0.3002406060695648 0.49099225997924806 8.614098624093458e-05 0.00021011484204791486 9.781869536595877e-09 1.0 -0.0032165246084332466 0.5002682209014893 0.29939430952072144 0.299729585647583 -2.1993300914764404 -5.8446261391509324e-05 -0.7999421954154968 0.7225929498672485 -1.119901418685913 0.1768726110458374 -2.026071786880493 -0.22362494468688965 0.3906126916408539 0.8188348412513733 -0.005790392402559519 5.463034540298395e-05
-0.00041093826293947533 0.30023348331451416 0.49099225997924806 8.445574349025264e-05 0.00020955306536052376 9.921723886918699e-09 0.9999998807907104 -0.003162474138662219 0.5002691149711609 0.2993939518928528 0.2997293472290039 -2.199329137802124 -5.848823275300674e-05 -0.799942135810852 0.7232687473297119 -1.1276618242263794 0.17712703347206116 -2.0280556678771973 -0.23080399632453918 0.3962302505970001 0.8214358687400818 -0.005793380085378885 5.401166345109232e-05
-0.00040122270584108666 0.30022621154785156 0.49099231958389283 8.239510498242453e-05 0.0002091786591336131 7.779060062773624e-09 0.9999999403953552 -0.0031082159839570522 0.500268280506134 0.29939383268356323 0.29972827434539795 -2.1993279457092285 -5.872760812053457e-05 -0.799941897392273 0.723946750164032 -1.1352380514144897 0.17734777927398682 -2.0299620628356934 -0.23781608045101166 0.4016467332839966 0.8238973617553711 -0.00579471979290247 5.3356707212515175e-05
-0.0003912687301635964 0.3002188205718994 0.49099231958389283 8.033496851567179e-05 0.00020861680968664587 7.832447579403379e-09 0.9999999403953552 -0.0030508176423609257 0.5002668499946594 0.2993937134742737 0.2997269630432129 -2.199326992034912 -5.89974042668473e-05 -0.7999417185783386 0.7246379256248474 -1.142616629600525 0.17752741277217865 -2.0317914485931396 -0.24469298124313354 0.40685126185417175 0.8262084722518921 -0.005797811318188906 5.2677820349344984e-05
-0.0003812551498413308 0.30021142959594727 0.49099231958389283 7.808809459675103e-05 0.0002080551494145766 7.377326305402221e-09 1.0 -0.0029952735640108585 0.5002668499946594 0.2993931770324707 0.29972633719444275 -2.1993260383605957 -5.9103083913214505e-05 -0.7999415993690491 0.7253305315971375 -1.14982271194458 0.1776859313249588 -2.0335376262664795 -0.25133073329925537 0.41185691952705383 0.8283816576004028 -0.005800601094961166 5.2040861191926524e-05
-0.0003711819648742898 0.30020400881767273 0.4909923791885376 7.60289331083186e-05 0.00020730607502628118 8.695958619853172e-09 0.9999998807907104 -0.002938259858638048 0.5002655982971191 0.2993929982185364 0.2997250556945801 -2.1993248462677 -5.937907917541452e-05 -0.7999414801597595 0.7260280847549438 -1.156842589378357 0.17781072854995728 -2.0352070331573486 -0.25783076882362366 0.41666272282600403 0.8304132223129272 -0.005800873041152954 5.135848914505914e-05
-0.000360989570617698 0.3001966178417206 0.4909923791885376 7.378113514278084e-05 0.00020674419647548348 7.307181526527984e-09 0.9999999403953552 -0.0028766507748514414 0.5002630949020386 0.29939281940460205 0.29972317814826965 -2.1993234157562256 -5.9800662711495534e-05 -0.7999413013458252 0.7267330288887024 -1.163672924041748 0.17791980504989624 -2.036785125732422 -0.2641361653804779 0.42128241062164307 0.8323143720626831 -0.005802670028060675 5.0612830818863586e-05
-0.0003507971763611062 0.3001893162727356 0.4909923791885376 7.153429760364816e-05 0.0002059952967101708 6.2541447576336395e-09 0.9999999403953552 -0.0028152752202004194 0.5002629160881042 0.29939213395118713 0.2997225224971771 -2.1993227005004883 -5.98891892877873e-05 -0.7999413013458252 0.7274506688117981 -1.1703215837478638 0.17799903452396393 -2.0382864475250244 -0.2702638506889343 0.42569804191589355 0.8340674042701721 -0.005801352672278881 4.990589150111191e-05
-0.000340545177459739 0.3001819849014282 0.4909924387931824 6.928699440322816e-05 0.00020524596038740128 7.063753137970252e-09 0.9999998807907104 -0.002754398388788104 0.5002619028091431 0.29939183592796326 0.29972124099731445 -2.1993212699890137 -6.015644976287149e-05 -0.7999411821365356 0.7281667590141296 -1.176788091659546 0.17806585133075714 -2.0397210121154785 -0.2762320339679718 0.4299212694168091 0.8356955647468567 -0.005802643019706011 4.918418198940344e-05
-0.0003303527832031472 0.3001747727394104 0.4909924387931824 6.722738180542365e-05 0.0002044971042778343 5.586341167429509e-09 0.9999998807907104 -0.0026934926863759756 0.5002616047859192 0.2993912100791931 0.2997203767299652 -2.1993205547332764 -6.032743112882599e-05 -0.7999412417411804 0.7288861870765686 -1.1830769777297974 0.1781197488307953 -2.0410828590393066 -0.28200921416282654 0.4339509904384613 0.8371894359588623 -0.0058021885342895985 4.847553645959124e-05
-0.0003201603889465554 0.3001677989959717 0.4909924387931824 6.516729627037421e-05 0.00020374779705889523 4.111795348649139e-09 0.9999999403953552 -0.002631876617670059 0.5002603530883789 0.2993907630443573 0.29971903562545776 -2.199319362640381 -6.061868407414295e-05 -0.7999409437179565 0.7296063303947449 -1.1891928911209106 0.1781664788722992 -2.042372465133667 -0.28760913014411926 0.4377994239330292 0.8385647535324097 -0.005802955944091082 4.775051274918951e-05
-0.0003099679946899636 0.3001609444618225 0.49099249839782716 6.310721073532477e-05 0.0002029989700531587 4.497028527339353e-09 1.0 -0.0025691294576972723 0.5002593994140625 0.29939016699790955 0.2997179329395294 -2.1993184089660645 -6.0838319768663496e-05 -0.7999407649040222 0.7303330898284912 -1.195129156112671 0.1781960427761078 -2.043591260910034 -0.2930469512939453 0.4414615035057068 0.8398069143295288 -0.005803951062262058 4.702208025264554e-05
-0.0002998948097229226 0.30015432834625244 0.49099249839782716 6.104759086156264e-05 0.00020225012849550694 3.951196259066592e-09 0.9999999403953552 -0.0025046193040907383 0.5002575516700745 0.2993897497653961 0.2997162342071533 -2.19931697845459 -6.121605838416144e-05 -0.7999404072761536 0.7310583591461182 -1.2008980512619019 0.17823250591754913 -2.0447354316711426 -0.29830747842788696 0.44495850801467896 0.8409494757652283 -0.005808474961668253 4.626536974683404e-05
-0.00028994083404543236 0.3001479208469391 0.49099249839782716 5.917517773923464e-05 0.00020150086493231356 4.848318635453097e-09 0.9999999403953552 -0.0024385876022279263 0.5002565979957581 0.2993890047073364 0.2997151017189026 -2.1993157863616943 -6.142806523712352e-05 -0.7999402284622192 0.7317949533462524 -1.206496238708496 0.1782597005367279 -2.045807123184204 -0.30338287353515625 0.4482828378677368 0.8419671058654785 -0.005813159979879856 4.551943493424915e-05
-0.0002800464630127175 0.30014172196388245 0.49099255800247193 5.7302313507534564e-05 0.00020075180509593338 2.0185895177604607e-09 0.9999999403953552 -0.002375441836193204 0.5002570152282715 0.29938820004463196 0.29971444606781006 -2.199314594268799 -6.152622518129647e-05 -0.7999401688575745 0.7325323224067688 -1.211929440498352 0.17827185988426208 -2.046821117401123 -0.3083028793334961 0.4514349400997162 0.8428611159324646 -0.00581387197598815 4.4807264202972874e-05
-0.00027027130126955345 0.3001358211040497 0.49099255800247193 5.5429951316909865e-05 0.00019981554942205548 1.3849121849318635e-09 0.9999999403953552 -0.0023123538121581078 0.5002555847167969 0.299387663602829 0.2997128665447235 -2.1993134021759033 -6.18751801084727e-05 -0.7999398708343506 0.733261227607727 -1.2172136306762695 0.17830179631710052 -2.0477664470672607 -0.31302452087402344 0.4544423222541809 0.8436717391014099 -0.005817480385303497 4.406898733577691e-05
-0.00026067495346071556 0.3001301884651184 0.49099255800247193 5.374429383664392e-05 0.00019906656234525144 9.247751453500541e-10 0.9999999403953552 -0.0022496397141367197 0.5002555251121521 0.2993867099285126 0.2997121214866638 -2.199312210083008 -6.198895425768569e-05 -0.7999398112297058 0.73399817943573 -1.2223495244979858 0.17832815647125244 -2.0486502647399902 -0.31757426261901855 0.4572888910770416 0.8443773984909058 -0.005817620549350977 4.336115307523869e-05
-0.0002513766288757546 0.30012479424476624 0.49099255800247193 5.224631240707822e-05 0.00019831735698971897 4.728127611652866e-11 1.0 -0.0021896138787269592 0.5002555251121521 0.2993858754634857 0.2997114062309265 -2.1993110179901123 -6.212919106474146e-05 -0.799939751625061 0.734731912612915 -1.2273401021957397 0.17835044860839844 -2.0494799613952637 -0.3219594955444336 0.45998167991638184 0.8449803590774536 -0.005820105317980051 4.26903716288507e-05
-0.00024231672286989525 0.30011963844299316 0.4909926176071167 5.0748280045809224e-05 0.00019775563850998878 6.956448750372601e-10 1.0 -0.0021318981889635324 0.5002556443214417 0.29938510060310364 0.29971083998680115 -2.1993095874786377 -6.224022945389152e-05 -0.7999396324157715 0.7354624271392822 -1.2321832180023193 0.17836295068264008 -2.050265312194824 -0.32621634006500244 0.46252182126045227 0.8454791903495789 -0.005818576086312532 4.20338474214077e-05
-0.00023349523544313744 0.3001146614551544 0.4909926176071167 4.9250302254222333e-05 0.00019700691336765885 7.44531158947126e-10 1.0 -0.002074640477076173 0.5002548694610596 0.2993845045566559 0.2997097969055176 -2.199308156967163 -6.247640703804791e-05 -0.7999393939971924 0.736186146736145 -1.2368810176849365 0.17837582528591156 -2.051002025604248 -0.33033591508865356 0.46492108702659607 0.8458870053291321 -0.005819029174745083 4.137864743825048e-05
-0.0002248525619507058 0.3001099228858948 0.4909926176071167 4.793905827682465e-05 0.00019625728600658476 3.7710790046219245e-10 1.0 -0.0020148656331002712 0.5002531409263611 0.29938405752182007 0.2997082769870758 -2.1993067264556885 -6.28187699476257e-05 -0.7999390959739685 0.7369099855422974 -1.2414387464523315 0.1783999800682068 -2.0516908168792725 -0.3343275487422943 0.46719250082969666 0.8462210893630981 -0.005819963291287422 4.068385896971449e-05
-0.00021638870239260033 0.30010539293289185 0.4909926176071167 4.662824358092621e-05 0.00019569534924812615 6.047340406212243e-10 0.9999999403953552 -0.001954341307282448 0.5002521872520447 0.29938340187072754 0.299707293510437 -2.199305295944214 -6.301270332187414e-05 -0.7999389171600342 0.7376387119293213 -1.2458710670471191 0.17843930423259735 -2.0523297786712646 -0.3381488621234894 0.46933722496032715 0.84648197889328 -0.0058204298838973045 4.000201079179533e-05
-0.0002082824707031472 0.30010122060775757 0.4909926772117615 4.531743252300657e-05 0.00019513389270287007 -1.0052413762506873e-10 0.9999999403953552 -0.0018963010516017675 0.5002522468566895 0.29938244819641113 0.29970669746398926 -2.1993041038513184 -6.310883327387273e-05 -0.7999387979507446 0.738368809223175 -1.2501860857009888 0.17848119139671326 -2.0529158115386963 -0.34180375933647156 0.4713573455810547 0.8466638326644897 -0.0058254762552678585 3.937308429158293e-05
-0.00020047426223757103 0.3000972867012024 0.4909926772117615 4.419336255523376e-05 0.00019457224698271602 6.340491465195441e-10 0.9999999403953552 -0.0018411701312288642 0.5002524852752686 0.29938170313835144 0.2997061312198639 -2.199302911758423 -6.321394175756723e-05 -0.7999386787414551 0.7390952706336975 -1.2543858289718628 0.1785227209329605 -2.053459405899048 -0.3453364372253418 0.4732561409473419 0.846774697303772 -0.005826231092214584 3.876228220178746e-05
-0.00019290447235109642 0.3000935912132263 0.4909926176071167 4.307022754801437e-05 0.00019401033932808787 4.4249950925667747e-10 1.0 -0.0017875322373583913 0.5002522468566895 0.2993810772895813 0.2997053563594818 -2.1993017196655273 -6.336411752272397e-05 -0.7999385595321655 0.7398176193237305 -1.2584694623947144 0.1785709708929062 -2.0539684295654297 -0.3487492799758911 0.4750343859195709 0.8468173742294312 -0.005829073488712311 3.816845128312707e-05
-0.00018557310104372338 0.30009013414382935 0.4909926772117615 4.2134299292229116e-05 0.00019344848988112062 7.578970229182858e-10 1.0 -0.0017310860566794872 0.5002502799034119 0.29938071966171265 0.2997037172317505 -2.1993002891540527 -6.372829375322908e-05 -0.7999382615089417 0.7405381202697754 -1.2624369859695435 0.17863766849040985 -2.0544326305389404 -0.35204657912254333 0.47671380639076233 0.8468101620674133 -0.00582985021173954 3.751304029719904e-05
-0.0001784205436706765 0.3000868856906891 0.49099273681640626 4.1010229324456304e-05 0.00019288684416096658 5.61147739386314e-10 1.0 -0.0016737289261072874 0.5002498626708984 0.29938003420829773 0.29970288276672363 -2.1992995738983154 -6.385333836078644e-05 -0.7999382615089417 0.7412702441215515 -1.2662843465805054 0.1787014752626419 -2.0548617839813232 -0.3552524447441101 0.47828155755996704 0.8467257022857666 -0.00583310704678297 3.6889974580844864e-05
-0.0001714468002319558 0.30008384585380554 0.49099273681640626 4.0074268326861784e-05 0.00019251267076469958 -3.894887745659048e-10 1.0 -0.001620839349925518 0.5002508163452148 0.2993791103363037 0.2997027337551117 -2.1992990970611572 -6.385392771335319e-05 -0.7999382615089417 0.7419984340667725 -1.2700304985046387 0.1787707656621933 -2.05525541305542 -0.3583082854747772 0.4797360897064209 0.8465766906738281 -0.005832740105688572 3.632121661212295e-05
-0.00016477108001711205 0.3000810146331787 0.49099273681640626 3.9137405110523105e-05 0.0001919503411045298 -1.0038521125466104e-09 0.9999999403953552 -0.0015689475694671273 0.5002501010894775 0.2993786633014679 0.2997018098831177 -2.199298143386841 -6.408281478798017e-05 -0.7999380826950073 0.7427198886871338 -1.2736763954162598 0.1788482666015625 -2.0556085109710693 -0.36126354336738586 0.4810987412929535 0.8463788628578186 -0.005835280753672123 3.574051152099855e-05
-0.00015839338302614525 0.30007848143577576 0.49099273681640626 3.820143683697097e-05 0.00019157618226017803 -1.0231659963721995e-09 0.9999998807907104 -0.0015187537064775825 0.5002502799034119 0.2993779480457306 0.2997015416622162 -2.1992974281311035 -6.413467781385407e-05 -0.7999380826950073 0.743442714214325 -1.2772339582443237 0.17893612384796143 -2.0559234619140625 -0.3640754222869873 0.4823642671108246 0.846129298210144 -0.0058336518704891205 3.519426900311373e-05
-0.0001523733139038308 0.3000761568546295 0.49099273681640626 3.726453360286541e-05 0.00019120154320262372 -1.0411754791661565e-09 0.9999998807907104 -0.0014714158605784178 0.5002506375312805 0.2993772625923157 0.2997012138366699 -2.199296712875366 -6.420180579880252e-05 -0.7999380826950073 0.7441623210906982 -1.2807064056396484 0.17902889847755432 -2.0562126636505127 -0.36679354310035706 0.4835371971130371 0.8458355665206909 -0.005833724979311228 3.4679880627663806e-05
-0.0001466512680053933 0.3000740110874176 0.4909926772117615 3.651577571872622e-05 0.0001908269478008151 -1.4799224068440253e-09 0.9999998807907104 -0.001424423884600401 0.5002502799034119 0.29937678575515747 0.299700528383255 -2.19929575920105 -6.435441900976002e-05 -0.7999379634857178 0.7448776960372925 -1.2840845584869385 0.17912715673446655 -2.0564699172973633 -0.36941173672676086 0.4846216142177582 0.845486581325531 -0.005833364557474852 3.41624763677828e-05
-0.00014104843139650658 0.3000718951225281 0.49099279642105104 3.576702511054464e-05 0.0001904525706777349 -1.9220500746541802e-09 0.9999999403953552 -0.0013778397114947438 0.500249981880188 0.29937630891799927 0.2997000217437744 -2.1992950439453125 -6.446005136240274e-05 -0.799937903881073 0.7455939650535583 -1.2873637676239014 0.17922155559062958 -2.056711196899414 -0.3719964623451233 0.4856126010417938 0.8450847864151001 -0.005832015536725521 3.364737858646549e-05
-0.00013568401336672142 0.3000698983669281 0.49099279642105104 3.483053660602309e-05 0.000190265171113424 -1.3403249621291025e-09 1.0 -0.0013329281937330961 0.500249981880188 0.2993756830692291 0.299699604511261 -2.199294328689575 -6.45421096123755e-05 -0.7999378442764282 0.7463055849075317 -1.2905629873275757 0.17933426797389984 -2.056931495666504 -0.374456524848938 0.4865178167819977 0.8446465730667114 -0.005832931958138943 3.316701258881949e-05
-0.0001306772232055886 0.3000681698322296 0.49099279642105104 3.408177872188389e-05 0.0001898910413729027 -1.7803762908386034e-09 0.9999999403953552 -0.0012875437969341874 0.5002489686012268 0.2993753254413605 0.2996985912322998 -2.1992931365966797 -6.477602437371388e-05 -0.7999376654624939 0.7470110654830933 -1.293696641921997 0.17947395145893097 -2.0571069717407227 -0.3767819106578827 0.48736536502838135 0.844190239906311 -0.005831554532051086 3.2651998481014743e-05
-0.00012578964233400658 0.30006659030914307 0.49099279642105104 3.33330208377447e-05 0.0001895161985885352 -1.2880578825757993e-09 1.0 -0.0012414632365107536 0.5002487301826477 0.2993747591972351 0.299698144197464 -2.1992924213409424 -6.484991172328591e-05 -0.7999376058578491 0.7477298974990845 -1.2967432737350464 0.1796008199453354 -2.0572524070739746 -0.37906330823898315 0.48812633752822876 0.8436793684959412 -0.0058332826010882854 3.216487675672397e-05
-0.00012114048004152611 0.30006521940231323 0.49099279642105104 3.258375727455132e-05 0.00018932929378934205 -2.0633352804111382e-09 1.0 -0.00119854137301445 0.5002492070198059 0.29937416315078735 0.2996979057788849 -2.199291706085205 -6.490045780083165e-05 -0.7999375462532043 0.7484411001205444 -1.2997255325317383 0.17974770069122314 -2.0573716163635254 -0.38121676445007324 0.4888189435005188 0.8431456685066223 -0.005831033922731876 3.1700561521574855e-05
-0.0001167893409729226 0.30006396770477295 0.49099279642105104 3.202220250386745e-05 0.00018895450921263546 -1.0604317424167675e-09 1.0 -0.0011567163746804 0.5002492070198059 0.29937365651130676 0.29969751834869385 -2.1992907524108887 -6.497724825749174e-05 -0.7999374866485596 0.7491538524627686 -1.3026350736618042 0.17989179491996765 -2.057460069656372 -0.3832961618900299 0.48943907022476196 0.8425683379173279 -0.005833920557051897 3.126436422462575e-05
-0.00011261701583864525 0.30006280541419983 0.4909928560256958 3.127339732600376e-05 0.00018876712420023978 -1.8323284001198203e-09 0.9999998807907104 -0.001115251099690795 0.5002488493919373 0.2993732988834381 0.2996968626976013 -2.199289560317993 -6.511808169307187e-05 -0.7999374270439148 0.7498627305030823 -1.3054735660552979 0.18004485964775085 -2.057529926300049 -0.38533058762550354 0.48999783396720886 0.8419657349586487 -0.0058387266471982 3.082717375946231e-05
-0.00010856389999391869 0.30006173253059387 0.4909928560256958 3.0524126486852765e-05 0.00018857975373975933 -2.6044824075199813e-09 0.9999998807907104 -0.0010745024774223566 0.5002492666244507 0.2993728816509247 0.2996966540813446 -2.199288845062256 -6.515109271276742e-05 -0.79993736743927 0.750575840473175 -1.3082422018051147 0.18020427227020264 -2.0575830936431885 -0.3872795104980469 0.4904833734035492 0.841327428817749 -0.005840596277266741 3.0404091376112774e-05
-0.00010474920272829369 0.3000606894493103 0.4909928560256958 2.9962073313072324e-05 0.00018839264521375299 -2.869689152973365e-09 0.9999999403953552 -0.0010360071901232004 0.5002496838569641 0.29937246441841125 0.2996964454650879 -2.1992876529693604 -6.519527232740074e-05 -0.7999373078346252 0.751284122467041 -1.3109476566314697 0.1803712546825409 -2.05761981010437 -0.3891638219356537 0.4909074902534485 0.8406614065170288 -0.0058450293727219105 3.0009745387360454e-05
-0.00010105371475221947 0.3000597357749939 0.4909928560256958 2.921326995419804e-05 0.0001882055075839162 -2.7102631250386366e-09 0.9999999403953552 -0.000997231574729085 0.5002489686012268 0.2993721067905426 0.2996957302093506 -2.1992862224578857 -6.536372529808432e-05 -0.7999371290206909 0.7519885897636414 -1.3136003017425537 0.1805586814880371 -2.0576226711273193 -0.3909415006637573 0.4912840723991394 0.8399848937988281 -0.005848189815878868 2.95969148282893e-05
-9.759664535524681e-05 0.30005893111228943 0.4909928560256958 2.8651211323449388e-05 0.00018801818077918142 -2.9736508810884743e-09 0.9999999403953552 -0.0009627562249079347 0.500251054763794 0.2993713617324829 0.2996964454650879 -2.1992862224578857 -6.515497079817578e-05 -0.7999372482299805 0.7527021765708923 -1.3161975145339966 0.1807311326265335 -2.0576250553131104 -0.39269378781318665 0.49158143997192383 0.8392660021781921 -0.005848129745572805 2.9266346246004105e-05
-9.437799453737572e-05 0.3000582456588745 0.4909928560256958 2.8089625629945658e-05 0.00018783130508381873 -3.2401621385957924e-09 0.9999999403953552 -0.0009299714583903551 0.5002505779266357 0.2993711531162262 0.299695760011673 -2.199284553527832 -6.534210115205497e-05 -0.7999370694160461 0.7533959150314331 -1.3187488317489624 0.18093453347682953 -2.057600259780884 -0.3943212330341339 0.4918379783630371 0.8385478854179382 -0.005850267596542835 2.890884570661001e-05
-9.121894836428002e-05 0.3000575304031372 0.4909928560256958 2.7528034479473718e-05 0.0001876439491752535 -3.501730905242084e-09 0.9999999403953552 -0.0008946855086833239 0.5002501010894775 0.2993709444999695 0.29969531297683716 -2.199284315109253 -6.54343530186452e-05 -0.7999369502067566 0.7541011571884155 -1.3212248086929321 0.18111814558506012 -2.057563066482544 -0.39598870277404785 0.4920278489589691 0.8377859592437744 -0.005852276924997568 2.8543909138534218e-05
-8.829832077028588e-05 0.3000568449497223 0.4909928560256958 2.6965970391756855e-05 0.00018745640409179032 -2.835615076079989e-09 0.9999998807907104 -0.0008618166903033853 0.5002506375312805 0.2993704676628113 0.2996952533721924 -2.1992838382720947 -6.543413473991677e-05 -0.7999368906021118 0.7547999620437622 -1.3236579895019531 0.18132658302783966 -2.0575125217437744 -0.3975241780281067 0.4921710789203644 0.8370163440704346 -0.0058522531762719154 2.8206502975081094e-05
-8.555650711061791e-05 0.3000563979148865 0.4909928560256958 2.6403917217976414e-05 0.00018726929556578398 -4.030325406745305e-09 0.9999999403953552 -0.0008312952122651041 0.5002512335777283 0.2993699610233307 0.2996952533721924 -2.1992835998535156 -6.54193718219176e-05 -0.799936830997467 0.7554982304573059 -1.326049566268921 0.18153302371501923 -2.057424545288086 -0.3989649713039398 0.4922630190849304 0.8362191915512085 -0.005851880647242069 2.7895492166862823e-05
-8.287429809572533e-05 0.30005598068237305 0.4909928560256958 2.5842327886493877e-05 0.00018708218703977764 -3.3621334605271613e-09 1.0 -0.0008014314225874841 0.5002509355545044 0.29936978220939636 0.2996947765350342 -2.19928240776062 -6.553625280503184e-05 -0.7999367713928223 0.7561896443367004 -1.3283988237380981 0.18174836039543152 -2.057323694229126 -0.4003887474536896 0.49232161045074463 0.8354201316833496 -0.005857070442289114 2.758990740403533e-05
-8.025169372560814e-05 0.300055593252182 0.4909929156303406 2.5280731279053725e-05 0.00018689486023504287 -2.6941986419615205e-09 1.0 -0.0007701304275542498 0.5002506971359253 0.29936954379081726 0.2996944487094879 -2.19928240776062 -6.559857865795493e-05 -0.7999366521835327 0.7568876147270203 -1.3306910991668701 0.18196512758731842 -2.057208299636841 -0.4017568826675415 0.4923247992992401 0.8345932960510254 -0.005855813156813383 2.7264039090368897e-05
-7.774829864504174e-05 0.30005523562431335 0.4909928560256958 2.4719141947571188e-05 0.00018670751887839288 -3.8886516229297285e-09 0.9999999403953552 -0.0007415154250338674 0.500251293182373 0.2993691861629486 0.2996944487094879 -2.199281930923462 -6.558170571224764e-05 -0.7999365925788879 0.7575804591178894 -1.332951307296753 0.18219755589962006 -2.0570764541625977 -0.40303921699523926 0.49228885769844055 0.8337637186050415 -0.005854746326804161 2.697119452932384e-05
-7.536411285402611e-05 0.3000548183917999 0.4909929156303406 2.4344297344214283e-05 0.0001865199883468449 -4.573034395605191e-09 0.9999999403953552 -0.0007140546222217381 0.5002517700195312 0.2993689179420471 0.29969438910484314 -2.199281692504883 -6.55819385428913e-05 -0.7999365925788879 0.7582748532295227 -1.33516526222229 0.18242304027080536 -2.056934118270874 -0.4043116569519043 0.4922056496143341 0.8329113125801086 -0.005856103729456663 2.6698955480242148e-05
-7.315874099733666e-05 0.3000544309616089 0.4909929156303406 2.3782195057719946e-05 0.0001865203375928104 -4.24006829646828e-09 1.0 -0.000685643230099231 0.5002511143684387 0.29936885833740234 0.2996937930583954 -2.1992805004119873 -6.57121927361004e-05 -0.7999364733695984 0.7589659094810486 -1.3373266458511353 0.18265312910079956 -2.056779384613037 -0.4055545926094055 0.49208253622055054 0.8320428133010864 -0.005858622491359711 2.6406472898088396e-05
-7.09533691406472e-05 0.30005407333374023 0.4909929156303406 2.3408741981256753e-05 0.00018633280706126243 -3.0612909984739645e-09 0.9999998807907104 -0.0006577612948603928 0.5002514123916626 0.2993685305118561 0.2996937036514282 -2.1992805004119873 -6.571541598532349e-05 -0.7999364733695984 0.7596585154533386 -1.33944571018219 0.18289010226726532 -2.0566182136535645 -0.40676143765449524 0.491915225982666 0.8311631679534912 -0.005856678821146488 2.612146818137262e-05
-6.880760192873314e-05 0.3000536859035492 0.4909929156303406 2.284715446876362e-05 0.00018614568398334086 -4.2557442014867775e-09 0.9999998807907104 -0.0006313368212431669 0.5002518892288208 0.2993682026863098 0.2996937334537506 -2.199280023574829 -6.571104313479736e-05 -0.7999364733695984 0.7603503465652466 -1.3415287733078003 0.18313433229923248 -2.056450605392456 -0.40792688727378845 0.4917088449001312 0.8302763104438782 -0.005855406168848276 2.585178481240291e-05
-6.684064865114525e-05 0.3000534474849701 0.4909929156303406 2.247226075269282e-05 0.00018614562577567995 -3.412450322315408e-09 0.9999998807907104 -0.000604651402682066 0.5002511143684387 0.2993679940700531 0.2996930778026581 -2.1992788314819336 -6.587939424207434e-05 -0.7999362349510193 0.7610331177711487 -1.3435994386672974 0.1834183782339096 -2.056243419647217 -0.40895140171051025 0.4914916753768921 0.8294166922569275 -0.005856970325112343 2.5567691409378313e-05
-6.493330001833275e-05 0.3000532388687134 0.4909929156303406 2.2097416149335913e-05 0.00018595809524413198 -5.0265933637660964e-09 0.9999999403953552 -0.0005777397891506553 0.500251829624176 0.29936763644218445 0.2996932864189148 -2.1992790699005127 -6.5797139541246e-05 -0.7999362945556641 0.761737048625946 -1.3456214666366577 0.18367089331150055 -2.056027889251709 -0.4100126028060913 0.49121972918510437 0.8285167813301086 -0.0058574071153998375 2.531765858293511e-05
-6.302595138552025e-05 0.3000529408454895 0.4909929156303406 2.1535821360885166e-05 0.00018577098671812564 -3.4288978323360197e-09 0.9999999403953552 -0.0005554521922022104 0.5002532601356506 0.2993672788143158 0.2996937930583954 -2.199279308319092 -6.566487718373537e-05 -0.7999364137649536 0.7624327540397644 -1.3475993871688843 0.1839205026626587 -2.055830955505371 -0.41106894612312317 0.49089810252189636 0.8275972604751587 -0.005855541210621595 2.5107883629971184e-05
-6.129741668703392e-05 0.3000527024269104 0.4909929156303406 2.1160980395507067e-05 0.00018558368901722133 -4.116404106468963e-09 0.9999998807907104 -0.0005301637575030327 0.5002513527870178 0.29936736822128296 0.29969245195388794 -2.199277877807617 -6.600506458198652e-05 -0.799936056137085 0.7631101608276367 -1.3495479822158813 0.18420958518981934 -2.055603504180908 -0.4120566248893738 0.490572065114975 0.82670658826828 -0.0058544110506772995 2.480827424733434e-05
-5.974769592287377e-05 0.3000526428222656 0.4909929156303406 2.078655597870238e-05 0.00018558384908828884 -4.204175230171359e-09 0.9999998807907104 -0.0005040224059484899 0.5002518892288208 0.29936692118644714 0.29969263076782227 -2.1992781162261963 -6.591366400243714e-05 -0.7999361753463745 0.7638119459152222 -1.3514676094055176 0.1844877153635025 -2.0553464889526367 -0.41297420859336853 0.4902048707008362 0.8257925510406494 -0.005852845963090658 2.456039328535553e-05
-5.819797515871361e-05 0.30005261301994324 0.4909929156303406 2.0411709556356072e-05 0.00018539631855674088 -4.888558002846821e-09 0.9999998807907104 -0.0004825046635232866 0.5002532005310059 0.2993665039539337 0.2996930480003357 -2.1992783546447754 -6.581595516763628e-05 -0.7999362349510193 0.7645096778869629 -1.353363037109375 0.1847621649503708 -2.055086374282837 -0.4138637185096741 0.48980847001075745 0.8248712420463562 -0.005857250653207302 2.4375651264563203e-05
-5.6707859039328845e-05 0.3000525236129761 0.4909929156303406 2.0224495528964326e-05 0.0001853962749009952 -4.4660013465147586e-09 0.9999998807907104 -0.000465089688077569 0.50025475025177 0.2993660867214203 0.29969361424446106 -2.1992785930633545 -6.567047967109829e-05 -0.7999364137649536 0.7652018070220947 -1.3552355766296387 0.18503709137439728 -2.0548267364501953 -0.414709210395813 0.48936891555786133 0.8239389657974243 -0.005855128634721041 2.422114266664721e-05
-5.527734756471947e-05 0.300052285194397 0.4909929156303406 1.9850120224873535e-05 0.00018520945741329342 -4.222184823987618e-09 0.9999999403953552 -0.0004483125521801412 0.5002550482749939 0.2993660867214203 0.2996934652328491 -2.1992781162261963 -6.570800178451464e-05 -0.7999364137649536 0.765885055065155 -1.357068419456482 0.18530787527561188 -2.05456805229187 -0.4155608117580414 0.48889511823654175 0.8229941129684448 -0.0058532590046525 2.405022496532183e-05
-5.3906440734885486e-05 0.3000521659851074 0.49099297523498536 1.9475741282803938e-05 0.0001850221597123891 -3.974987450305889e-09 0.9999999403953552 -0.00042951732757501304 0.5002540946006775 0.29936617612838745 0.2996927797794342 -2.19927716255188 -6.588589894818142e-05 -0.7999361753463745 0.7665597796440125 -1.3588838577270508 0.18560685217380524 -2.0542874336242676 -0.4163396954536438 0.48841381072998047 0.8220725655555725 -0.00585236307233572 2.384200706728734e-05
-5.259513854982689e-05 0.30005210638046265 0.4909929156303406 1.9288529074401595e-05 0.00018502211605664343 -4.483753368589305e-09 0.9999999403953552 -0.0004120083467569202 0.5002551674842834 0.299365758895874 0.2996932864189148 -2.199277400970459 -6.572718848474324e-05 -0.7999363541603088 0.767249345779419 -1.3606780767440796 0.18589156866073608 -2.053999423980713 -0.41709795594215393 0.48789235949516296 0.8211316466331482 -0.005851363763213158 2.3691645765211433e-05
-5.12838363647683e-05 0.3000519871711731 0.49099297523498536 1.8914148313342594e-05 0.00018483503663446754 -3.308614271446686e-09 0.9999999403953552 -0.00039344653487205505 0.5002542734146118 0.29936593770980835 0.2996925413608551 -2.1992764472961426 -6.591653800569475e-05 -0.7999361157417297 0.7679272890090942 -1.3624364137649536 0.1861848086118698 -2.0537009239196777 -0.4178539514541626 0.48735660314559937 0.8201937079429626 -0.005852979142218828 2.3492961190640926e-05
-5.0032138824485095e-05 0.3000519275665283 0.49099297523498536 1.872693610494025e-05 0.00018483500753063709 -3.817380633819312e-09 0.9999999403953552 -0.00037455634446814656 0.5002546310424805 0.2993657886981964 0.2996925115585327 -2.1992764472961426 -6.589382974198088e-05 -0.7999361157417297 0.7686120271682739 -1.364179253578186 0.1864895075559616 -2.0533945560455322 -0.41856449842453003 0.4867963194847107 0.819266676902771 -0.005856428761035204 2.3328120732912794e-05
-4.878044128420189e-05 0.3000517785549164 0.49099297523498536 1.8539305528975092e-05 0.00018464775348547846 -3.994558461783981e-09 0.9999999403953552 -0.00035642721923068166 0.5002550482749939 0.2993656098842621 0.2996925711631775 -2.1992764472961426 -6.586394010810181e-05 -0.7999362349510193 0.7693001627922058 -1.3658894300460815 0.18678538501262665 -2.0530831813812256 -0.4192706346511841 0.48620375990867615 0.8183211088180542 -0.005854955408722162 2.3158274416346103e-05
-4.764795303346947e-05 0.300051748752594 0.49099297523498536 1.816441181290429e-05 0.00018464768072590232 -4.08258715722809e-09 0.9999999403953552 -0.0003396921674720943 0.5002551674842834 0.29936549067497253 0.29969239234924316 -2.1992759704589844 -6.589215627172962e-05 -0.7999361753463745 0.7699801325798035 -1.3675868511199951 0.18709918856620789 -2.052760601043701 -0.41992154717445374 0.4855997860431671 0.8173943161964417 -0.005852927919477224 2.2989215722191148e-05
-4.645586013796166e-05 0.30005165934562683 0.49099297523498536 1.7977243260247633e-05 0.0001844601792981848 -4.257946439878424e-09 0.9999998807907104 -0.00032375360024161637 0.5002560615539551 0.29936516284942627 0.2996926009654999 -2.1992762088775635 -6.580794433830306e-05 -0.7999362945556641 0.7706703543663025 -1.3692551851272583 0.1873948872089386 -2.0524322986602783 -0.42057591676712036 0.4849565625190735 0.8164475560188293 -0.005851144902408123 2.2846665160614066e-05
-4.544258117678002e-05 0.3000515401363373 0.49099297523498536 1.7790034689824097e-05 0.00018446061585564166 -3.836951645297404e-09 0.9999999403953552 -0.0003104940406046808 0.5002566576004028 0.2993650436401367 0.29969266057014465 -2.1992759704589844 -6.579030741704628e-05 -0.7999362945556641 0.7713479399681091 -1.370912790298462 0.18770740926265717 -2.052095890045166 -0.4211672246456146 0.48429930210113525 0.8155142664909363 -0.005849344190210104 2.271724042657297e-05
-4.4429302215598376e-05 0.30005136132240295 0.49099297523498536 1.7602824300411157e-05 0.00018446057219989598 -4.34571756358082e-09 0.9999999403953552 -0.00029673794051632285 0.5002568364143372 0.29936501383781433 0.29969263076782227 -2.1992757320404053 -6.579146429430693e-05 -0.7999362945556641 0.7720301151275635 -1.3725390434265137 0.18800370395183563 -2.051755905151367 -0.42178821563720703 0.4836142957210541 0.8145641088485718 -0.005847873166203499 2.2584799808100797e-05
-4.353523254396752e-05 0.3000512719154358 0.49099297523498536 1.7416117771063e-05 0.0001842730853240937 -3.5881926319092372e-09 0.9999999403953552 -0.00028400486917234957 0.5002570152282715 0.29936492443084717 0.2996925413608551 -2.199275493621826 -6.580233457498252e-05 -0.7999362349510193 0.772705078125 -1.3741545677185059 0.18831785023212433 -2.051408052444458 -0.4223407506942749 0.4829157590866089 0.8136305212974548 -0.005851320922374725 2.2479485778603703e-05
-4.264116287233666e-05 0.3000512421131134 0.49099297523498536 1.704169153526891e-05 0.00018427299801260233 -3.6744023379498003e-09 1.0 -0.00026963907293975353 0.5002564191818237 0.29936498403549194 0.2996920943260193 -2.199275255203247 -6.590203702216968e-05 -0.7999361157417297 0.7733809351921082 -1.375755786895752 0.1886383444070816 -2.0510480403900146 -0.42289066314697266 0.48220810294151306 0.8127097487449646 -0.005854250397533178 2.234433122794144e-05
-4.17470932007058e-05 0.3000512421131134 0.49099297523498536 1.6854535715538077e-05 0.00018408619507681578 -4.786026241987429e-09 1.0 -0.00025535188615322113 0.5002564787864685 0.2993648052215576 0.2996920943260193 -2.199275016784668 -6.58965072943829e-05 -0.799936056137085 0.7740595936775208 -1.3773545026779175 0.18897752463817596 -2.0506670475006104 -0.4233441948890686 0.4814873933792114 0.8118041157722473 -0.005851992405951023 2.2210379029274918e-05
-4.091262817385033e-05 0.30005133152008057 0.49099297523498536 1.6854535715538077e-05 0.00018408619507681578 -4.786026241987429e-09 1.0 -0.00024069311621133238 0.5002562999725342 0.29936477541923523 0.2996918261051178 -2.199274778366089 -6.593963189516217e-05 -0.7999359965324402 0.774743378162384 -1.3789361715316772 0.18930935859680176 -2.0502727031707764 -0.423821359872818 0.4807538688182831 0.8109020590782166 -0.005850769579410553 2.2067135432735085e-05
-4.013776779177025e-05 0.30005142092704773 0.49099297523498536 1.6667365343892016e-05 0.00018389869364909828 -4.95982366288672e-09 1.0 -0.0002274928119732067 0.5002572536468506 0.29936453700065613 0.2996920943260193 -2.199275016784668 -6.583469803445041e-05 -0.7999361157417297 0.7754328846931458 -1.3804919719696045 0.18963027000427246 -2.0498878955841064 -0.42431309819221497 0.4799882173538208 0.8099871277809143 -0.005848794709891081 2.195439810748212e-05
-3.924369812013939e-05 0.30005136132240295 0.49099297523498536 1.6480153135489672e-05 0.0001838986499933526 -5.4685900252593456e-09 1.0 -0.0002136604889528826 0.5002568364143372 0.2993646264076233 0.29969167709350586 -2.1992745399475098 -6.593604484805837e-05 -0.7999359965324402 0.7761141657829285 -1.3820152282714844 0.1899561583995819 -2.0495104789733887 -0.4248311221599579 0.47920772433280945 0.8090749979019165 -0.005847403779625893 2.180844785470981e-05
-3.8528442382834704e-05 0.30005136132240295 0.49099297523498536 1.6292939108097926e-05 0.00018389862088952214 -5.046033368927283e-09 1.0 -0.00020048909937031567 0.500257134437561 0.2993643879890442 0.29969167709350586 -2.1992743015289307 -6.591810961253941e-05 -0.7999359965324402 0.776795506477356 -1.3835420608520508 0.19030806422233582 -2.0491132736206055 -0.4252355992794037 0.47842052578926086 0.8081892132759094 -0.005845513194799423 2.1684871171601117e-05
-3.787279129030541e-05 0.30005139112472534 0.49099297523498536 1.6104835594887845e-05 0.00018371114856563509 -4.292146194018187e-09 1.0 -0.00018879065464716405 0.5002580285072327 0.2993641495704651 0.29969197511672974 -2.1992743015289307 -6.583146750926971e-05 -0.7999361157417297 0.7774860262870789 -1.3850501775741577 0.19063739478588104 -2.048705577850342 -0.4256588816642761 0.4776085913181305 0.8072857856750488 -0.005847439635545015 2.1599837054964155e-05
-3.721714019777611e-05 0.30005136132240295 0.49099297523498536 1.59176215674961e-05 0.0001837111049098894 -3.869589981775334e-09 1.0 -0.00018017584807239473 0.5002592206001282 0.2993639409542084 0.29969242215156555 -2.1992740631103516 -6.571753328898922e-05 -0.7999362349510193 0.7781713604927063 -1.3865376710891724 0.1909584105014801 -2.048306465148926 -0.4260793924331665 0.47676822543144226 0.8063758611679077 -0.005850315559655428 2.155267065973021e-05
